col0 col1 col2 col3 col4 col5 col6 col7 col8 col9 col10 col11
0.2300871121733472 0.23157924717476241 0.21896628836611143 -99.0 -99.0 -99.0 -99.0 0.15754644367304493 -99.0 -99.0 -99.0 -99.0
-99.0 0.053756945419928925 0.09340143103043097 0.15818856040242224 0.1255181789186377 0.08365340901400842 0.09193583574923814 -99.0 -99.0 -99.0 -99.0 -99.0
-99.0 -99.0 -0.10262749782440395 0.08324965368672288 0.05936800180779578 0.049102639049991126 0.037270437563073244 0.057561370822808655 0.06590754943695032 0.016541888372950453 -99.0 -99.0
-99.0 0.04680361464243887 0.06977503334826984 -99.0 0.04847869855038667 0.0603474768441874 0.049605263971637115 0.03789021499156142 0.012789906288237063 -99.0 -0.012085366267752917 -0.01467549470330809
-99.0 -99.0 -0.04238634263663421 -0.04315312539617189 -0.05468274159960984 -0.10769003089109574 -99.0 -99.0 -99.0 -99.0 -99.0 -99.0
0.16219027684209486 0.128754500601568 0.13744604094140378 0.10330309902967372 0.11757616354927691 -99.0 -99.0 -99.0 -99.0 -99.0 -99.0 -99.0
0.15099344687800098 0.12631176236309294 0.0979342140897419 0.08118630609408051 0.061417304074874224 0.038831336551719886 0.02271983482267359 0.011333903547376067 -0.017611094422420592 -0.12695085509476733 -99.0 -99.0
-99.0 -99.0 -99.0 -99.0 0.11551961855098192 0.11349349912889828 0.11869157418885301 0.11341584444331154 0.09783671954641626 0.12218652224913917 0.007833599742005148 -99.0
0.14757092854877918 0.13092808062676653 0.10673792743215138 0.08350577462715947 0.06301026394708487 0.05747454045609679 0.04058273489417985 0.018081913316859044 -0.04330506647784027 -0.1137642209101859 -0.05974142967244234 -99.0
-99.0 -99.0 -99.0 -99.0 -99.0 -99.0 -99.0 -99.0 -99.0 -99.0 -99.0 -99.0
-99.0 -99.0 0.10503830666049296 0.12342658774810111 0.15447533966825588 0.14458291861115669 0.13540975280696266 0.08329592358938065 0.060225047424369293 -99.0 -99.0 -99.0
-99.0 0.09613344035742877 0.13723117020386333 0.15782174774699875 0.155863781884241 0.15106666744339314 0.11575925459879244 0.11670907380265483 0.11419955985802233 0.12264392484153497 0.09665914600623537 -99.0
-99.0 0.14695278793367272 0.14188893812017866 0.16705397278055756 0.17063074975783898 0.1646361234787097 0.1573010042774552 0.14521455249896142 -99.0 -99.0 -99.0 -99.0
-99.0 0.07270266985031348 0.1088453955455595 0.12274973097552966 0.12964432302307927 0.10432767416291533 0.05855048663321227 -0.02608576860013123 0.016140848890357162 0.011192044121562716 -99.0 -99.0
-99.0 -99.0 -99.0 0.10133394648839023 0.09492454327932442 0.08018474155703892 0.05348951429219717 0.07354155617351665 0.039966614015527924 -0.0127116725787495 -99.0 -99.0
0.2149870725652825 0.19335973037405374 0.15688826932962563 0.12249868220121662 0.10577043236427208 0.1018774851016282 0.07596199373791634 0.03657081540814744 0.023825579207530367 0.0006375752835872106 -99.0 -99.0
0.10786388457736074 0.13044655484294232 0.11519576128978137 0.10207381185999331 0.08944985573406505 -99.0 -99.0 -99.0 -99.0 -99.0 -99.0 -99.0
0.15719436714247514 0.18261877268523463 0.18981108926615242 0.1583395926407274 0.11721080530879746 0.06360822723582693 0.011575429796893744 -0.010672069732573064 -0.018473195273344345 -0.037931923772143605 -99.0 -99.0
-99.0 -99.0 -99.0 0.15510171139711915 0.16365377983389706 0.194932053000489 0.1121205322750054 -99.0 -99.0 -99.0 -99.0 -99.0
-99.0 0.005226069327820326 0.14641600015267997 0.17520261439673313 0.13020200046457653 0.036373953789324176 -0.018978417751227994 -0.020395329492009395 -0.06970285699458145 -99.0 -99.0 -99.0
-99.0 -99.0 0.052226130936054105 0.038578344210490556 0.04692273912539413 0.015739812591307967 -0.011536536360425842 -0.06857045534455253 -99.0 -99.0 -99.0 -99.0
0.19825527243031793 0.19284527093430448 0.18181596036559178 0.16783052683248734 -99.0 -99.0 -0.02518535403400257 -99.0 -0.043489126672987766 -0.09092923381066065 -99.0 -99.0
0.16690188944392403 0.15730009786510735 -99.0 -0.052873728353150184 0.17495712665458107 0.12643723710294452 0.04215407090566714 -99.0 -99.0 -99.0 -99.0 -99.0
0.18038537720893721 0.1711007950590986 0.16539647119812706 0.15864661051210582 0.14777450392023184 0.11724835537277656 0.10402955869240493 0.10027584900595876 -0.0008105249293404171 -99.0 -99.0 -99.0
-99.0 -99.0 -99.0 -99.0 0.02571392528293437 -99.0 -99.0 -99.0 -99.0 -99.0 -99.0 -99.0
0.07135151191611833 0.10758564194638431 0.1228200679744571 0.08347654322395393 0.030839938737161177 0.03204680102803792 0.02862865216145849 -0.0023155457173533733 -0.05563038283875166 -0.08100029172031853 -99.0 -99.0
0.18686533334296307 0.17755522964924886 0.1629384320100602 0.14096895378104968 0.11506227461682705 -0.040823833405651655 -99.0 -99.0 -99.0 -99.0 -99.0 -99.0
0.13842422746621885 0.16691930452488535 0.19001242776197635 0.1567494268674654 0.12335183128175053 0.10735700173386498 0.08910511344609873 0.0068874680462176485 0.01786969054489873 -99.0 -99.0 -99.0
-99.0 -99.0 -99.0 -99.0 -99.0 -99.0 -99.0 -99.0 -99.0 -99.0 -99.0 -99.0
-99.0 -99.0 0.07289453991017858 0.06573374380478292 0.05697705467535563 0.026295797331790993 -0.03034537166335305 -0.13451492203935267 -0.0737769208914063 -0.12396659814841016 -99.0 -99.0
-99.0 0.10517236888256853 0.10137018108635587 0.11533830015065583 0.10502726950587515 0.0859785097635335 0.052673237198535006 0.03939038651848925 0.05562504937063828 0.07368428766368496 -99.0 -99.0
0.10097516160322684 0.06996329853781269 0.010559039646540924 0.005179351392269993 0.028992747765299143 0.010156391187516434 0.010298517110365779 0.013848831553517016 -0.02180547671009947 -0.12679469654629294 -0.0895535266512848 -0.111332084293144
-99.0 -99.0 0.0923126488154491 0.06635676505736221 0.03320273498142967 0.019718424129568035 0.04226691927720161 -0.003528863653878389 -99.0 0.02671527904112736 -99.0 -99.0
0.18203585778916498 0.1797860786731622 0.1657565441710922 0.1431489759777982 -99.0 -99.0 -99.0 -99.0 -99.0 -99.0 -99.0 -99.0
0.11485575013025873 0.1052953310558582 0.09919459107975648 -99.0 -99.0 -99.0 -99.0 -99.0 -99.0 -99.0 -99.0 -99.0
-99.0 0.13348278032783156 0.12496494762871535 0.10241400896806496 0.1090440024555015 0.14613111211194507 -0.04038396273703526 0.0530501892582258 -99.0 -99.0 -99.0 -99.0
-99.0 -99.0 0.11267819429711956 0.1278171413224385 0.10956050816708363 0.09151763514556421 0.07615292313257349 0.03658443368654396 0.021656977860876836 0.08014577905150766 -0.14896544405422674 0.014981432467928713
-99.0 0.15858555492946813 0.13463116903921346 0.1133656326380379 0.11010031612948801 0.10937247023845309 0.11660533027206021 -99.0 -99.0 -99.0 -99.0 -99.0
-99.0 -99.0 -0.04264897765375508 -0.0059979444912077184 -0.16040758720380843 -99.0 -99.0 -99.0 -99.0 -99.0 -99.0 -99.0
0.12030755980027408 0.13406035877725309 0.07194029533709312 0.04214547542885505 -99.0 -0.07708688920396334 -0.014644461052021995 0.002050990702013422 -99.0 -99.0 -99.0 -99.0
0.10341988320090145 0.12899300941446334 0.17039741947108844 0.1719946211758998 0.18034081213436437 0.1806303478141249 0.1630909776562781 0.17910384327513817 -99.0 -99.0 -99.0 -99.0
-0.001825566030777992 -9.854047741342242e-06 0.00966998127752916 0.018785694005874376 0.0024438732212264114 0.0003029665219447253 -0.030939259358754967 -0.05699922477049135 -0.07961924142439791 -0.298550039530296 -99.0 -99.0
-99.0 -99.0 0.14706176862919484 0.15987993984656335 0.15653256089140832 0.1281375392835855 0.09721472878681858 0.07434115059739455 0.06177911485415777 0.07565565752004488 0.019810385060194946 0.06359080081966795
-99.0 0.11021403368890503 0.14755496591250683 0.16832677775715688 0.16615203205512685 0.12876107874371812 0.07575847560863913 0.01750429275234744 -99.0 0.019184774229032087 0.08140448565821146 -99.0
-99.0 -99.0 -99.0 -99.0 -99.0 0.0651619584119576 0.07580885521165293 0.07269504192977116 0.046128095048359796 -99.0 -99.0 -99.0
-99.0 -99.0 0.10909977099920631 0.12813687421513542 0.19151770871935447 0.0967306379359858 0.08438180049845201 0.058386707139769456 -0.023832680284089136 0.0018532945228049158 -0.04293677778303007 -99.0
-99.0 -99.0 -99.0 0.17005208821150752 0.15575647533157522 0.10028096408341547 0.10932981226747529 -99.0 -99.0 -99.0 -99.0 -99.0
0.15696488170273604 0.09987103325681268 0.0988246253149736 0.09061192155279407 0.07327112938712865 0.045713210886740185 -0.04376366620017613 -0.08974834818862476 -0.10602533895047372 -99.0 -99.0 -99.0
-99.0 0.07314580077227362 0.13207002989819117 0.14578859111904308 0.14045753219401824 0.0961173423298387 0.03214903870678931 0.014076624779677971 -0.019322235863482362 0.014160071800944252 -99.0 -99.0
0.15153728580698456 0.1524492378128386 0.1626595404591491 0.16154387257890335 0.05818892543233112 0.023447378239053407 -0.02585691119254996 -99.0 -99.0 -99.0 -99.0 -99.0
0.18585767095466998 0.194728646585288 0.22033155559624795 0.20863075376061957 0.14262225122743466 0.06480050342780608 0.019402466553609443 -99.0 -99.0 -99.0 -99.0 -99.0
-99.0 0.1644243913844381 0.15717974512793553 0.12871110796533358 0.09310959550113118 0.015786275051189236 0.027015402674319233 -0.03572258952232943 -0.052781923510133666 -0.06609692446184035 -99.0 -99.0
0.16202687155936424 0.18296754399299964 0.2013344810853237 0.2059166682982454 0.1820552315787598 0.15849336572338402 0.12385944211417588 0.11445746265921386 0.10338238235675057 0.09347205138818815 0.1054839957085516 -99.0
-99.0 -99.0 -99.0 -99.0 -99.0 0.01966418696975225 -0.054758384785094094 -0.03945443750482802 -0.04629639317849232 -0.01457457926519723 -99.0 -99.0
-99.0 0.16944632103534119 0.1412859378158604 0.12844582197166332 0.14132083620758173 0.09338952139708923 0.040402169039108315 0.05250342587546797 -0.04137026153279244 -99.0 -99.0 -99.0
-99.0 -99.0 -99.0 0.07374296265165547 0.05505373369626021 0.06218747701866256 0.010720758959894994 -0.10088862254831454 -0.0677607265590563 -0.0380696017147546 -99.0 -99.0
-99.0 -99.0 0.10491962637637009 0.07986433403836735 0.06428625821527945 0.020163556932059734 -0.025539932961725853 -0.0455993098034746 -99.0 -99.0 -99.0 -99.0
0.20381568759506763 0.15192083351165486 0.1819457790861616 0.16452494669366224 0.12013954851807362 0.03142878466479537 -0.01452022278284204 -99.0 -99.0 -99.0 -99.0 -99.0
-99.0 0.11697873997609065 0.09199172650703247 0.1437501861936692 0.03569402242355224 0.024054478849238947 -99.0 -0.022903197860710378 -0.04818879176677271 -0.08037150694516448 -99.0 -99.0
0.1303314232316115 0.12874038102919805 -99.0 0.13848813383598824 -99.0 -99.0 0.03686838285887539 -0.03576687728762451 -99.0 -99.0 -99.0 -99.0
-99.0 0.150711354919828 0.17290159204893918 0.17499966441396886 0.17421824431819566 0.14751818471687095 0.10691031628347325 0.08231165821413455 0.06110768166748315 0.016477040162131473 -0.017722159880079857 -0.0393559703204609
0.15348903511339707 0.15700306749994475 0.12633447615645998 0.11541418716353569 0.10043216589617643 0.06994022022287538 0.0713442855442743 0.07531734230586551 0.02517954544063805 -99.0 -99.0 -99.0
-99.0 0.12483821539637319 0.16400639504100845 0.14858245825626604 0.13332063047758602 0.12640563779295988 0.1298847041250344 0.12599554863045093 -99.0 -99.0 -99.0 -99.0
0.2169860778063395 0.13822041872955815 0.10584747912589343 0.13722280453473523 0.16115352570942498 0.13239107971045705 0.05417639787838091 -0.03431250958836074 -99.0 -99.0 -99.0 -99.0
0.15044431247839007 0.12086909278846214 0.1358992629930249 0.14355138851264115 0.11651388123836881 0.06977107129077886 0.03660741907857279 0.024912086795714217 0.008785007971196634 -0.0013905414627348733 -0.04684825603619558 -99.0
0.22733747106594926 0.17947195023300644 0.18474208249521595 0.13677335413467873 0.11168494388152084 0.07222468096649415 0.015514683433423215 -0.05061604203882375 -0.06693138312061997 -99.0 -99.0 -99.0
-99.0 -99.0 -99.0 -99.0 -99.0 -99.0 -99.0 -99.0 -99.0 -99.0 -99.0 -99.0
-99.0 0.1191883036500041 0.16838238185762222 0.15515736664161217 0.1412334888034632 0.11818542419269029 0.0826261104064514 0.049689933546313014 0.039066524132152836 -99.0 -99.0 -99.0
-99.0 0.15506561920500417 -99.0 0.19832181392991366 0.1943997290449868 0.08108439794030176 0.19489699930309357 0.1628338947591832 -99.0 -99.0 -99.0 -99.0
0.21130252197257704 0.20071843837869885 0.1717886006943612 0.134146557493537 0.1177976850301583 0.08453694351201513 0.04625291645299612 0.01173928315675532 -0.0434168672811861 -99.0 -99.0 -99.0
-99.0 -99.0 0.07995311516283721 0.07772810010425069 0.08511335579985513 0.0876741297506829 0.07529398257178066 0.031319116660011304 -0.013948386589397899 -0.029342826238881514 -99.0 -99.0
0.10769960955546587 0.10608840424708355 0.10435603504136814 0.09032794264493305 0.06201827470884247 0.05977935582628646 0.0345576535894061 0.03934281110213256 0.02382131666242948 -0.010009717731568557 -99.0 -99.0
-99.0 -99.0 -99.0 0.054830165475303616 0.07462051925589996 0.08865965186389957 0.07663026333698575 0.0700289837213024 0.11264689495257407 -99.0 -99.0 -99.0
0.1770156066807136 0.15307208574644804 0.10047380235218917 0.0815844783583568 0.025080489531577044 0.0033571895057491474 -99.0 -99.0 -99.0 -99.0 -99.0 -99.0
0.1901374993635656 0.18405818717440248 0.17295114891149765 0.16036850864210983 0.12315737517479164 0.09894892718435244 0.03375753801988601 -99.0 -99.0 -99.0 -99.0 -99.0
-99.0 -99.0 0.032792376306218785 0.03608885022807051 0.012284570005922646 -0.014081473725909177 -0.032382436406674486 -0.04558287026310914 -0.10926026685673484 -0.19454290652862483 -99.0 -99.0
-99.0 -99.0 0.12753793480041686 0.09299895058730279 0.09747435557831885 0.11507639905557987 0.0819287616490012 0.05693502273090978 0.052099176299078565 0.05940244559171681 0.00443074311845848 -0.029660698237080396
-99.0 0.05820598841736846 0.055093242967972245 0.0192901893692774 -0.000775766664842692 -0.014222331535368227 -0.027380963823341986 -0.04225097164660063 -0.054716113183795656 -0.08871301603964454 -0.10444072297120854 -0.17458252288348852
-99.0 0.1195698623272925 0.13634434476405488 0.09606648591344857 0.061806034123288 0.013640981957307119 -0.012463096791629269 -0.10825762939160732 -0.1287331009332764 -99.0 -99.0 -99.0
-99.0 -99.0 0.11758535910108314 0.09338113050484687 0.06923846096316844 0.025295751943918532 0.017362931314071517 -0.06722990997339728 -0.07711480145611738 -99.0 -99.0 -99.0
0.15995584585370715 0.1783549957899293 0.18166790527042487 0.16958851834108657 0.13693174636927097 0.10724720122238018 0.07002619721653325 0.04001153613877584 0.00018411263327600125 0.017202238878450515 -0.05495650314167655 -0.0015705549329041446
-99.0 0.15989376510283115 0.18276050717902415 0.1681204380166328 0.1372344685128919 0.11199942812238639 0.08277188915635847 0.06934367377420791 0.04083253409699239 -0.002409108661252546 -99.0 -99.0
0.11213697864721794 0.12119171392300565 0.09115837857946296 0.04647050891744087 0.007007035850724819 -0.013772727144100827 -0.008898076269241884 -2.648794151838274e-05 0.01044412383584259 0.005011173392366786 0.0348300227351519 0.005348138274296588
-99.0 -99.0 -99.0 0.034497808670030494 0.025448754347669578 0.030286521548442025 0.046361988747834815 0.03981675039577581 0.019380235346060815 0.014866065284904195 0.003691816098562839 -0.021063467361406296
-99.0 0.10465962607287693 0.17382949983933393 0.17043199780499485 0.14195190403735225 0.1146681215256411 -99.0 -99.0 -99.0 -99.0 -99.0 -99.0
0.13236094137216625 0.11873730210286837 0.12851648774961788 0.14707523757513563 0.15072577262877296 0.11956290404886438 0.09835820914702609 -99.0 -99.0 -99.0 -99.0 -99.0
0.21969091955547526 0.14186044468742587 0.15098476781926173 0.12898112339511414 0.08454653303496862 0.03903595829153694 -0.03306895684050559 0.009988344244092673 -99.0 -99.0 -99.0 -99.0
0.18217996991700147 0.18837414207327718 0.1879975485214782 0.17835912018228228 0.16789551148505133 0.1334142175000519 0.08243946567732863 0.08375314189872718 -99.0 -0.12954289671162478 0.009830703535252283 -99.0
0.016544995007810925 0.01210164258215407 0.010011971264935582 -0.03156546291437223 -0.08182302445851697 -0.06105268305434741 -99.0 -0.09904138344821334 -99.0 -99.0 -99.0 -99.0
0.1486014681448804 0.1630147617147042 0.17001031212746476 0.15904308654935484 0.14289193463460315 0.11761393846424717 0.10504454788199702 0.0874033260757443 0.014207118078127579 -0.06895294657737772 -99.0 -99.0
-99.0 -99.0 0.08222527220552855 0.05887705223401163 0.017928053176886394 -0.025859235021659543 -0.08699681121430558 -0.09385005102804023 -0.14974165158449715 -0.5200275679985822 -99.0 -99.0
-99.0 -99.0 0.08707449658137101 0.12326689941837898 0.10508260151018511 0.06898987569586801 0.01845583400781514 -0.02297101567249271 -0.05827598079799756 -0.1132885481965733 -0.208619407224921 -99.0
0.07909202555346262 0.12564430357941347 0.1317046915488138 0.14769476086964595 0.149456943193508 0.11230616326821696 0.07478994726348809 0.0775836930362761 0.08534484423199729 -99.0 -99.0 -99.0
0.15129617108086713 0.12195645216369044 0.1617721340415592 0.18799165694894526 0.19296757498050177 0.1603608778252088 0.14796405014998548 0.08842944555006582 0.006685210583817991 -99.0 -0.0006788527966623548 -0.007731269377572403
0.15699056848807302 0.14686816219330545 0.1483076344908678 0.13833771001352524 0.12343471231647207 0.11506304625043207 0.11602715162084998 0.12434548304937465 0.09577874381699658 -99.0 -99.0 -99.0
-99.0 -99.0 -99.0 0.05854162942101482 0.05794787698820514 0.05342471087753076 0.012709572058581031 0.004199644653226642 0.004701620345386459 0.007499136337175472 -99.0 -99.0
0.1380060420306375 0.23156221818822154 0.2473707544355097 0.20193469996827673 0.17381091932985093 0.16927826135946233 0.0975803769438901 0.08951163487465585 -99.0 -99.0 -99.0 -99.0
0.08730490430819948 0.1309055635959595 0.16866113217244205 0.15295210229590417 0.10889902033815169 0.07385206751598439 0.031089046683268506 -0.01799437189811215 -0.08322278605764133 -99.0 -99.0 -99.0
0.24468975133153137 0.23728511675850505 0.22137114996594143 0.1987647252394833 0.19243344460339884 0.19084746186471158 0.16832650135355287 0.10121816370757841 -99.0 -99.0 -99.0 -99.0
0.1716769591333751 0.1746415102217842 0.17803196032495983 0.17733871258681866 0.16154118012453367 0.13146989416677357 0.1305645158812574 0.14413226736711948 -99.0 -99.0 -99.0 -99.0
-99.0 -99.0 0.0966326501200836 0.10173774253608059 0.08596349691953264 0.07332746712782878 0.05658629373226276 0.011421379327950731 0.029973297916928487 -99.0 -99.0 -99.0
-99.0 -99.0 0.08417508566907372 0.10773053070475136 0.10690459629134175 0.08396070622940677 0.05885064215629754 0.03470071218537463 0.035415357160548666 -0.026223225270227246 -0.03403515299262416 -0.07216005481815735
-99.0 -99.0 -99.0 -99.0 -99.0 -99.0 -99.0 -99.0 -99.0 -99.0 -99.0 -99.0
-99.0 -99.0 0.1447269064101544 0.1663247707008697 0.1721173218091554 0.14637980205465873 0.12378840629964216 0.12067096903602526 0.11246726253915895 -99.0 -99.0 -99.0
-99.0 -99.0 0.12639286649779713 0.14317779401650732 0.13282819596746975 0.10250234369325817 0.08430140670153996 0.08949098649236653 0.05936928128821428 -99.0 -99.0 -99.0
0.04814871576185453 0.0969458679207218 0.14639642218219784 0.14505332532425363 0.13462434879711438 0.13915646588938912 0.10866141869041179 0.0880658575505624 0.0556246550206172 0.04375292380915674 -0.04321608719832781 -99.0
-99.0 -99.0 -99.0 0.13566693203221725 0.15652832497646685 0.1450013443206455 0.12402916734280112 0.11266378870484672 0.09766150805954332 0.11242380495191462 0.07369370764402916 0.11126393412886237
-99.0 -99.0 -99.0 0.10483806882384172 0.12308562528334299 0.11667144271484453 0.0678465286511507 0.04034339308685375 0.04521374266129641 -99.0 0.006307701662061405 -99.0
-99.0 0.10638400836380946 0.12834875514372435 0.12808957368578788 0.07527852721795902 0.035754852103805135 0.01563012053172841 -0.01791975837555171 -0.037346500004083794 -0.07441773149044373 -99.0 -99.0
0.21569153628394666 0.19315074889621187 0.16995500209783643 0.1413726646505271 0.128070586720213 0.11873946294744009 0.10835480274692344 0.04873833192514887 0.03195773388708645 -0.01595810688984578 -99.0 -99.0
0.1488959029200192 0.14520750674024363 -99.0 -99.0 -99.0 -99.0 -99.0 -99.0 -99.0 -99.0 -99.0 -99.0
-99.0 -99.0 -99.0 0.16449741792382433 0.1520832827679719 0.13607325621722133 0.1366839291494717 -99.0 -99.0 -99.0 -99.0 -99.0
-99.0 -99.0 -99.0 -99.0 -99.0 -99.0 -99.0 -99.0 -99.0 -99.0 -99.0 -99.0
0.1607638703842582 0.145598708948512 0.13387877432812267 0.12634333845746326 0.1257405210521494 0.10330734925524077 0.07382852224164793 0.05526762885410896 0.0307581084870705 -99.0 -0.0025475062404201054 -99.0
-99.0 0.030555579242816933 0.04492595221406681 0.03914952727727794 0.04012191546554078 0.04452463859131228 0.0533816171365995 -0.006240352934183235 -99.0 -99.0 -99.0 -99.0
-99.0 -99.0 -99.0 0.1811258565470002 0.1482014541797838 0.1566379106028304 0.15598976848394486 0.13997356071154776 -99.0 -99.0 -99.0 -99.0
-99.0 0.0101211029153081 0.039020925813304075 0.04878337389474474 0.03178260691852586 0.04865664527771685 0.015137495354819563 0.0022363529674738203 -99.0 -99.0 -99.0 -99.0
-99.0 0.13608501603578915 0.1465810500167457 0.15448441294178572 0.13849031811114365 0.11916387010500173 0.12242286224967991 0.10502916178712418 -99.0 -99.0 -99.0 -99.0
-99.0 -99.0 -99.0 -99.0 -99.0 -99.0 0.0029242429615905507 0.027817115682868376 0.02688476462971323 -99.0 -99.0 -99.0
-99.0 -99.0 -99.0 0.09524410660342397 0.13432654888623752 0.06748764889930392 -0.003417655411690035 -0.04086099030439705 -0.10223056129256314 -99.0 -99.0 -99.0
0.25202081385410935 0.2420244282185937 0.19511832645661897 0.14366285451280802 0.07536003549685866 -99.0 -99.0 0.10096963410791204 -99.0 -99.0 -99.0 -99.0
0.13774991145804094 0.1500155600348858 0.13837264610253364 0.12383272399014089 0.11133123055302896 0.0383483779127225 0.013175442448179808 0.013274078263771472 -0.0695743530650077 -0.04952920559055407 -0.10840504990204458 -0.06835108816141577
0.21560444809980517 0.20464747196143485 0.14248857833822726 0.11587962679273645 0.1906988585302809 0.19663347256960684 0.21178113378374697 0.15171352375545055 -99.0 -99.0 -99.0 -99.0
-99.0 -99.0 -99.0 0.08272018575533302 0.12186940132215263 0.1275368693686847 0.09102533734096419 0.08387334604443986 0.07027115005567275 -99.0 -99.0 -99.0
-99.0 0.19803360498941913 -99.0 -99.0 -99.0 -99.0 -99.0 -99.0 -99.0 -99.0 -99.0 -99.0
0.10875508687462698 0.1101970447443108 0.14571063536343587 0.1502820301948784 0.12153841576225766 0.09041306193543974 0.07483856651188248 0.06854120445437317 0.03004293292988791 0.0068882709218005544 -99.0 -99.0
0.08435776913683135 0.10672209968462987 0.07361902005604826 0.10108220829408054 0.0852229091739396 0.053274938590403664 0.03596710481673426 0.020081127454309566 -0.06533076197232646 -0.011742769476175141 -99.0 -99.0
-99.0 -99.0 -99.0 -99.0 -99.0 -99.0 -99.0 -99.0 -99.0 -99.0 -99.0 -99.0
-99.0 0.19020952904670807 0.1714237200592077 0.13720748682903228 -99.0 -99.0 -99.0 -99.0 -99.0 -99.0 -99.0 -99.0
-99.0 -99.0 -99.0 -99.0 0.009213049667167184 0.0635679642159932 0.059425210286567776 0.03259226960150485 -0.001040556074928034 0.010181259597692005 -99.0 -99.0
0.12538244493285866 0.17726451615348005 0.19491904621555278 -99.0 -99.0 -99.0 -99.0 -99.0 -99.0 -99.0 -99.0 -99.0
0.18141400853788703 0.16918252616039098 0.150196529478956 0.1466685368233307 0.11976378556783196 0.08992886910370324 0.014066432726286493 0.012610214941988218 -99.0 -99.0 -99.0 -99.0
-99.0 -99.0 -99.0 -99.0 -99.0 0.041901102517666544 0.14632112450040324 -99.0 -99.0 -99.0 -99.0 -99.0
-99.0 0.12985668282362361 0.12500620680986252 0.18125480765913693 0.21072616981020964 0.14678620463413772 -99.0 -99.0 -99.0 -99.0 -99.0 -99.0
-99.0 -99.0 -99.0 -99.0 -99.0 0.2564338187281354 0.24494292485236002 0.12944782743497996 -99.0 -99.0 -99.0 -99.0
0.2032185593791649 0.19450538090674918 0.1855571044413189 0.1627252447711296 0.132851940406427 0.13709418016982688 0.14424201526243152 0.10113766462617235 0.03146672907615233 -0.07064042300381956 -99.0 -99.0
-99.0 -99.0 0.12408986607854366 0.12312540062582222 0.13482825708071466 0.1187173570956972 0.11103471834694645 0.07786751835506145 0.07272030246089045 -99.0 -99.0 -99.0
-99.0 0.10508309603539345 0.09790481745253743 0.10781116484533548 0.10071107368422005 0.09423458485956004 0.06530688871427692 0.011033481129020473 -0.029378641773190495 -0.036518504516745764 -0.14134038024313433 -0.14111159754921054
0.18449489762879345 0.16635489715787166 0.19219501919801552 -99.0 -99.0 -99.0 -99.0 -99.0 -99.0 -99.0 -99.0 -99.0
-99.0 -99.0 -99.0 -99.0 -99.0 -99.0 -99.0 -99.0 -99.0 -99.0 -99.0 -99.0
0.09389238318964033 0.09469021672306788 0.08626551238127966 0.07918607124542909 0.05047381480916435 0.01457006320263865 -0.018279060032190486 -0.03381459730324643 -0.05398557094335743 -0.03722772125776963 -0.12818801884707653 -99.0
-99.0 -99.0 -99.0 -99.0 0.05963678413882789 0.0391621644542095 0.04654724555067524 -0.025588540792547576 -0.019659586973524767 -99.0 -99.0 -99.0
0.16669217606998465 0.18815361446534773 0.19895897989418998 0.19657987819025102 0.17978663160284114 0.09302066602505654 0.055298944714605724 -99.0 -99.0 -99.0 -99.0 -99.0
0.11507873085085585 0.1691275691298717 0.19053586611986972 0.1738099183574846 0.15738841813232973 0.1488159746330311 0.14659931388501413 0.1298926815087018 0.09010862986354162 0.1336634863261157 -99.0 -99.0
-99.0 -99.0 -99.0 -99.0 -99.0 -99.0 -99.0 -99.0 -99.0 -99.0 -99.0 -99.0
-99.0 -99.0 -99.0 0.12615666932096126 0.12604767734891809 0.09603329098866631 0.06742897329792896 0.04183657045557965 0.007962269868546201 0.011885871150457916 -0.03577850386692383 -0.05015636308113258
0.13250391404902118 0.11354401547178661 -99.0 0.06416805699164563 0.07524869180766025 0.04865718461715396 0.02500460644379565 0.024271229916292825 0.03652837197292236 -0.014693254570323333 -99.0 -99.0
-99.0 0.11497902973823138 0.18726407522548172 0.17281931340649948 0.13355130336357668 0.1146881632050114 0.12826709648589762 0.10007339208822863 0.04175993045431525 -99.0 -99.0 -99.0
-99.0 -99.0 -99.0 -99.0 -0.006220658601916895 0.039097540779209794 0.03717222166954848 0.041202791161703445 0.05352530345356854 -99.0 -0.15461301904996994 -99.0
-99.0 -99.0 -99.0 0.02459332913481127 0.08390587292713825 0.10923938315312931 0.10656333688986486 0.07994827550796124 0.059415228299592115 -99.0 -99.0 -99.0
0.12896717255489598 0.12887081004727818 0.13188744906181427 0.13715690846814788 0.13947828369109416 0.13630194260853834 0.11774049190822566 0.11261101267122697 0.09696165070137575 0.08374426122473722 0.06298416247264349 0.05806087911764912
0.18184830005220398 0.17569708789998195 0.19798587448096328 0.20839445549874114 0.18623429981125383 0.1584744120855568 0.10065244928426864 0.09627792491772702 -0.012472747760373437 -0.05281600288893884 0.11381019246226032 -99.0
-99.0 -99.0 0.1313742975871488 0.1644052009502346 0.14449975863406728 0.11035392963097657 0.0948761129640463 0.07258702714403675 0.0682211144926459 0.07298743801264962 -99.0 -99.0
-99.0 0.11716397769684939 0.1270124952302769 0.1467122904739302 0.12764680705296705 0.1180616619975261 0.1115513242081363 0.1087078759218052 0.10220606606714 0.048711003940054454 -99.0 -99.0
-99.0 -99.0 0.028888218898508455 0.09838967726574843 0.08850490295410474 0.08377884711778272 0.07959456410624277 0.05921485436240381 0.09321081606892712 -0.04700950652208924 -99.0 -99.0
-99.0 0.14077109249947206 0.15688034684287722 0.14876026448889235 0.10872138084111249 0.10354195024949853 -99.0 -99.0 -99.0 -99.0 -99.0 -99.0
-99.0 -99.0 -99.0 -99.0 0.13290344152626865 0.1537265711252953 0.1579897150289007 0.19171512817157677 0.1293994130566638 -99.0 -99.0 -99.0
0.09624411448662329 0.11345527801127453 0.12841433106005518 0.13967990406897002 0.1464044798454207 0.14823981395482377 0.13350355441464323 0.1109672806019475 0.05432044701592531 0.07605486464353284 -99.0 -99.0
-99.0 -99.0 0.05389842358130714 0.0917321757158831 0.11343665635011213 0.11047364151908745 0.09123881759713193 0.10314561914980303 0.03506023729810259 -99.0 -99.0 -99.0
-99.0 -99.0 0.15932646508349002 0.16695612324165943 0.17539554975914307 0.15704213337184747 0.11294818951524199 0.08488474412273028 -99.0 0.02436404810118198 0.09832672238431073 -0.023407853053756256
-99.0 -99.0 -99.0 0.09289591461478786 0.08920561201437671 0.09662962393782593 0.09206835672977753 0.16980030750315578 0.09685051509966058 -99.0 -99.0 -99.0
-99.0 -99.0 -99.0 -99.0 -99.0 -99.0 -99.0 0.0061500250878054885 0.025922887698103025 0.016564940286063035 -99.0 -99.0
-99.0 -99.0 0.07514268561949677 0.0524094512864437 0.04620691773030394 0.040541628635834215 0.024223776255011487 0.011653288302925446 0.00416514156850134 -0.011089245822857308 -99.0 -99.0
0.10648413747960106 0.1528505468156105 0.14723820951236632 0.12798949237116197 0.07823084995576579 0.026283846862781957 -0.02416909308244719 -0.05651483592716389 -0.0848175664687929 -99.0 -99.0 -99.0
-99.0 -99.0 0.12919376251688597 0.13170510291783444 0.15793402640544052 0.0783171673919476 0.08103648614787673 0.01658713532511591 0.004472845302853301 -0.15818857671795605 -0.09925853131123574 -0.11493658212009983
-99.0 0.03251818899383885 0.0543781320129586 0.06396507095244175 0.04814808892124667 0.05866635637035422 0.06184855172264214 -99.0 -99.0 -99.0 -99.0 -99.0
0.1570523614508872 0.14171842958052672 0.1362433898968991 0.14674529296166838 0.148049041616094 0.09092736629134102 0.04226245069136958 0.031792951269707714 -99.0 -99.0 -99.0 -99.0
-99.0 0.11637663542884269 0.13285492519748487 0.15203237861105556 0.15356804000168012 0.1385645957737971 0.1046806936299074 0.0776413778192655 0.05112541132010939 -0.006698648039273891 -99.0 -99.0
0.17030235841412278 0.18901365787676738 0.21179954833853998 0.20067296663899903 0.14645144814379485 0.10005482985279279 0.06084916388152806 0.05367349292454371 -99.0 -99.0 -99.0 -99.0
-99.0 -99.0 -99.0 -99.0 0.08240283991772301 0.09994841343171323 -99.0 -0.032738488867464 0.05804283679421118 -99.0 -99.0 -99.0
0.12372345905917292 0.1313486901327252 0.1250107655339221 0.09640040734053912 0.08085515869839632 -99.0 -99.0 -99.0 -99.0 -99.0 -99.0 -99.0
-99.0 -99.0 -99.0 -99.0 -99.0 -99.0 0.024597342477235884 0.038011791743405965 0.029911073523701148 0.07465905181442523 0.096045874430839 0.08202249185490729
0.13052361641962662 0.11354918575653805 0.05924043989663552 -0.04727158456760172 0.005085581637736425 0.0496996779176655 0.0317831185092281 -99.0 -99.0 -99.0 -99.0 -99.0
0.2039289019709205 0.1949819351718567 0.19450426896492878 0.1626174348578342 0.10529708901421664 0.06928237848737595 -0.019099678798374597 0.013450965669782988 -99.0 -99.0 -99.0 -99.0
-99.0 -99.0 0.12086445478420771 0.1397272223386441 0.11260355638375685 0.07136184197654671 -0.0254874059248813 -0.01704725145392416 -0.016520028185942337 -0.07948633858312171 -0.15199733010776662 -99.0
0.17241830221692034 0.1781674294373783 0.19828606594110276 0.1929129662540685 0.17049576171334557 0.14055787404712916 0.11028470992690487 0.10716993741221259 0.1115120451812679 0.0504803140928054 -99.0 -99.0
-99.0 0.16679134053384814 0.19733692446069817 0.2105875990024817 0.19611878045022912 0.0960404859524342 -99.0 -99.0 -99.0 -99.0 -99.0 -99.0
0.16151852095370955 0.1539417662761391 0.12155811954174212 0.10231121926713804 0.08873875330593073 0.0698553500024115 0.040616766545516825 0.013149269033482014 0.03991865110075743 -99.0 -99.0 -99.0
-99.0 -99.0 0.15749101159283363 0.16427891828777064 0.1682493854766971 0.1588717140544933 0.14258319441645462 0.13775234204230102 0.15732591230461246 -99.0 -99.0 -99.0
0.15825256113049235 0.17913395538522536 0.11609814949172303 0.14226953251587027 0.1120610195750924 0.06940059004659815 0.001831514946397661 -0.03578380107157564 -99.0 -99.0 -99.0 -99.0
0.18735031951856485 0.18462424865137983 0.17511340553778787 0.15825821376167326 0.14462817853686083 0.1249131536250001 0.09057911770878668 -99.0 -99.0 -99.0 -99.0 -99.0
0.07765408887044778 0.06641597598512128 -0.0010854272051972202 -99.0 -99.0 -99.0 0.008337091394500007 -0.006788836117172181 -0.10813765644919826 -99.0 -99.0 -99.0
-99.0 -99.0 -99.0 0.068270410129049 0.11115099739602385 0.11354037311332199 0.08742426681383542 0.03314007719465906 -0.019769964947345287 -99.0 -99.0 -99.0
0.19900326699997528 0.2071346091482642 0.17672395532343188 0.14607686217234317 0.15849427673307837 0.14028383765881003 0.11848238632916619 0.06239953463971126 0.05655494094004965 0.003396202555737915 -0.04642692536931925 -99.0
-99.0 -99.0 0.09927504682240418 0.1446600194862686 0.1333542185868506 0.07604170324528603 0.047337458292785684 0.01963369769954859 -0.04326797249930614 -0.09732181031655962 -99.0 -99.0
-99.0 -99.0 -99.0 -99.0 -99.0 0.1349441487180556 0.06314364961563257 0.03433188423802669 0.0965768967738434 -99.0 -99.0 -99.0
-99.0 0.09566812396821334 0.08343456148918449 0.08331436322954389 0.012551748226831805 -99.0 -99.0 -99.0 -99.0 -99.0 -99.0 -99.0
-99.0 0.1428063729943041 0.15333513883821226 0.11811373703095462 0.15281501635894124 0.14857241094112972 0.1236829976528675 -99.0 -99.0 -99.0 -99.0 -99.0
-99.0 0.09502949005625361 0.12324834982874933 0.12191296822684983 0.09658474557068963 0.05324789525536211 -0.01636425138759634 -0.03388459384314757 -0.08620939735874877 -0.10843328317153222 -99.0 -99.0
-99.0 -99.0 -99.0 -99.0 -99.0 -99.0 -99.0 -99.0 -99.0 -99.0 -99.0 -99.0
0.09717779062042275 0.11819783641066905 0.12492557234290125 0.10229030024971131 0.039097959059613885 -0.00818913345398009 -0.05686537400560887 -0.137088446694829 -99.0 -99.0 -99.0 -99.0
-99.0 0.08049808428375549 0.12322134582270294 0.15081018094329401 0.14489278643331893 0.13479249215005495 0.09089655594024926 -0.013468310472243061 -0.03187962691737134 -99.0 -0.07016793611957617 -0.024264716682424137
-99.0 -99.0 -99.0 -99.0 -99.0 -99.0 -99.0 -99.0 -99.0 -99.0 -99.0 -99.0
0.14915433588885385 0.15620057892441608 0.1642694819998045 0.166546344770774 0.17788311367731247 0.16126377617869814 0.14106974375897074 0.11195369580705794 0.08961053190179946 -99.0 -99.0 -99.0
0.14082036836202327 0.13316107626783769 0.12712369589313255 0.11474630734476499 0.11701639795662011 0.10438051563721551 0.07472577956677107 0.029069847411639316 -0.03628777719815979 -99.0 -99.0 -99.0
-99.0 0.07339208850378931 0.10012953068975783 0.10354100340175698 0.07046695889715338 0.004193545077127325 -0.02246896975924173 -0.028891206518277812 -0.12904158224973017 -0.14354371018049328 -0.12436445759084336 -0.16121848101306568
-99.0 -99.0 0.12289123103222188 0.06235225611036377 -99.0 -99.0 -99.0 -99.0 -99.0 -99.0 -99.0 -99.0
-99.0 -99.0 -99.0 -99.0 0.0997128986172715 -99.0 -99.0 -0.08366937238227479 -99.0 -99.0 -99.0 -99.0
-99.0 0.13597356097282365 0.1468553410549358 0.17167366809528595 0.17187338863829815 0.1491729850488408 0.11529344757092375 0.1096220304652622 0.14120279429485016 -99.0 -99.0 -99.0
-99.0 -99.0 0.059406427827809694 0.10702020581542193 0.10109469492397416 0.12401634426465158 -99.0 -99.0 -99.0 -99.0 -99.0 -99.0
-99.0 -99.0 0.14323889598262163 0.14183278073755545 0.08727885581746264 0.042224052158667646 -0.003923254043787239 -99.0 -99.0 -99.0 -99.0 -99.0
-99.0 -99.0 -99.0 0.1053550721153389 0.029839764827434223 0.06230564157292129 -0.07014959464878956 -0.09395102611141404 -99.0 -99.0 -99.0 -99.0
-99.0 -99.0 -99.0 -99.0 -99.0 -99.0 -99.0 -99.0 -99.0 0.09067479377383414 -99.0 -99.0
-99.0 -99.0 -99.0 -99.0 -99.0 -99.0 -99.0 -99.0 -99.0 -99.0 -99.0 -99.0
0.07874262040850333 0.07995717398159208 0.08235688723881474 0.07109962152873983 0.055363377551017834 0.030647030862439806 0.015142981759108665 -0.024902299317497878 0.011983354656054601 -99.0 -99.0 -99.0
0.10748345324306818 0.1150287070181264 0.10104259552530337 0.1365941175687002 0.17586804728816752 0.19201865773220916 0.16595058483378544 -99.0 -99.0 -99.0 -99.0 -99.0
-99.0 -99.0 -99.0 -99.0 0.16112669923320944 -99.0 -99.0 0.009163312532651346 -99.0 -99.0 -99.0 -99.0
-99.0 -99.0 -99.0 0.08666278037460451 0.09066142982919878 0.0967220751279676 0.10457426957325922 0.08150618550426181 0.0765553766835314 0.057020299622765336 -99.0 -99.0
0.0682554830046751 0.09425003683977984 0.12093361623521126 0.13785144937652483 0.13452038513000453 0.09310894978484008 -99.0 -99.0 -99.0 -99.0 -99.0 -99.0
0.21748115876169116 0.14736587238398968 -0.008896495540479776 -99.0 0.09150576530454302 0.09864290909166407 0.10637318660935158 -99.0 -99.0 -99.0 -99.0 -99.0
0.1847140301848409 0.17470943106978432 0.14057583925394113 0.0954918656931536 0.06679626342522305 0.0586323470268848 0.05003479029075919 0.053103079888771276 -0.043527968747628876 -99.0 -99.0 -99.0
0.21626450425046073 0.17876006263525923 0.17810705652607162 0.1556983864799566 0.11634478698228001 0.04222749616552157 -0.04916339271498238 -99.0 -99.0 -99.0 -99.0 -99.0
0.1444290204008265 0.12123647181763353 0.0643636231540885 0.03507529958871025 0.0013022180547697104 -0.016109835153310215 -0.03523357831981322 -0.06281645465113606 -0.11435714679402231 -0.15432116000948604 -0.1370918962310661 -0.14613754590518013
-99.0 -99.0 -99.0 -99.0 -99.0 -99.0 -99.0 -99.0 -99.0 -99.0 -99.0 -99.0
-99.0 0.07944243995124722 0.07874361881816583 0.06825118255480866 -99.0 -99.0 -99.0 -0.11098296406209052 -0.16876031240279943 -99.0 -99.0 -99.0
-99.0 0.09929690934469626 0.09274187578468052 0.04468745450242828 -0.007497000407168386 -99.0 -99.0 -99.0 -99.0 -99.0 -99.0 -99.0
-99.0 0.10561831053301596 0.1126527222979341 0.07749995646044106 0.04994485212137967 0.0013688644342106926 -0.06637140742347647 -0.09234619174856995 -0.1324022513070009 -0.14403425783159385 -99.0 -99.0
-99.0 -99.0 -99.0 -99.0 0.07353373248846751 0.10079528590330789 0.1038171497041791 0.08523291055277582 0.08465606924260882 0.0468902696970428 -0.0625361366704773 -99.0
-99.0 -99.0 -99.0 -99.0 -99.0 -99.0 -99.0 -99.0 -99.0 -99.0 -99.0 -99.0
0.12722314240987664 0.120528228864476 0.013634272924425872 -99.0 0.03586986483110444 0.049389042797608695 -99.0 0.004100487248024365 -99.0 -99.0 -99.0 -99.0
0.1286579562992589 0.11706936901264342 0.11206488234713241 0.12246188536087566 0.11320585326326515 0.07596314474391086 0.07982195392608027 0.07670063652210324 0.022481592190933597 -0.033375900923777735 -99.0 -99.0
-99.0 -99.0 0.1658031059327758 0.17111570918434893 0.15540918117355496 0.1505847078422864 0.13023517009976437 0.0999007556115874 0.03854595988692999 -99.0 -0.08750264215496806 -99.0
-99.0 0.08109696603880678 0.06942405068006607 0.08750581912910427 0.06144771885686495 0.04067812044039876 0.023137515944734233 -0.024990114548176123 -0.10249338692745269 -0.1063301281668565 -0.14750481279032357 -99.0
0.08929257948310187 0.1209119149265927 0.18053447063763706 0.19239255978060577 0.19091572267656964 0.17189884734911942 0.1554959531614184 0.15461724718195846 -99.0 -99.0 -99.0 -99.0
-99.0 0.12299506936020244 0.15247063841142783 0.18514484091032557 0.17387023671064128 0.14722456180301258 0.12860305999691235 0.10925036633969398 -99.0 -99.0 -99.0 -99.0
-99.0 -99.0 -99.0 -99.0 -99.0 -99.0 -99.0 -99.0 -99.0 -99.0 -99.0 -99.0
-99.0 -99.0 -99.0 0.07647728905142692 0.08334959815993237 0.06505395840740391 0.04492290193595494 0.06087394559197179 0.11731798201510735 0.09676689870251387 -99.0 -99.0
-99.0 -99.0 -99.0 0.03880643038703546 0.045865345282797065 -0.021643426285743672 -0.052576195597577424 -0.023010097240094396 -0.08505718502352977 -0.106836942211336 -0.12345399352058628 -99.0
0.2103872022824742 0.19051472982516415 0.20842965536993496 0.1965209968796895 0.1769121753873275 -99.0 0.19551993032987092 -99.0 -99.0 -99.0 -99.0 -99.0
0.05356811178831755 0.07105475277079698 0.07559606107808925 0.030137314765845247 0.0003677726386630553 -0.05892647797971051 -0.09347028922819689 -0.08744901458760523 -0.12351283786199652 -99.0 -99.0 -99.0
0.08182064961327917 0.09864300736205145 0.1309734412423893 0.17465585911743808 0.15778462491023326 0.12434802188615812 0.09706978265643862 0.0748090040150533 -0.052498783765212664 -0.21893076563482872 -99.0 -99.0
0.1734715390417314 0.16702318351044632 0.168016143277665 0.16586053833517944 0.17054633102326555 0.1900104477462108 0.19605274665803663 -99.0 -99.0 -99.0 -99.0 -99.0
-99.0 -99.0 0.12383727560283475 0.1482770661761208 0.10296639536574048 0.01635444798640684 0.0007718644161140986 -99.0 -99.0 -99.0 -99.0 -99.0
-99.0 0.05313226320324027 0.08651555668271449 0.09641548708788683 0.07857067726169298 0.03673543676296909 -0.011258888916172438 -0.04502250616545744 -0.07128859725946946 -0.10179051694026597 -0.23659337574449602 -99.0
0.06519933725832239 0.0896298945409324 0.12743395389959744 0.1292565335235203 0.14125008187327204 0.1188989815568835 0.11686221002704933 0.018297147111715262 -99.0 -99.0 -99.0 -99.0
0.1353131091784885 0.13672502156305022 0.16327080278936812 0.19226199373270703 0.18473453106151005 0.1871281691650868 0.15168664637326756 0.15352883327910938 0.11693050982835906 -99.0 -99.0 -99.0
-99.0 -99.0 0.05140420362540965 0.08112190508262174 0.0714441110705284 0.05070194447289289 0.037710627719647505 0.0538679872154777 0.04148527682880676 -0.005817364455170448 -99.0 -0.07657565586005077
-99.0 -99.0 -99.0 -0.03426715925642654 0.052302901435643534 0.041356859953465275 -99.0 -99.0 -99.0 -99.0 -99.0 -99.0
0.09703454498991704 0.10119066475141913 0.11778998257761764 0.12793533029668502 0.1334622140372872 0.10949714453495218 0.08877275653443384 0.10447454739591144 -99.0 -99.0 -99.0 -99.0
0.18885885092694643 0.17057031412688772 0.17230699669436156 0.15065153539727305 0.10390668447759666 0.05470764362333291 0.002471029704386396 -0.03333424307407995 -0.09370106181417803 -0.11207468349979877 -0.12301110221668132 -0.1178837381705744
-99.0 -99.0 -99.0 0.12578377672289953 -99.0 -99.0 -99.0 -99.0 -99.0 -99.0 -99.0 -99.0
-99.0 -99.0 -99.0 -99.0 0.06358818991007453 0.022452103666703138 0.006187119484783565 -0.013007878055427469 -0.015523898200687114 -0.08472876995995904 -0.10523450418559044 -0.08596157693178341
0.20331450459408096 0.19515598088301012 0.18585902954098898 0.16488982921520368 -99.0 -99.0 -99.0 -99.0 -99.0 -99.0 -99.0 -99.0
-99.0 -99.0 -99.0 -99.0 -99.0 -99.0 -99.0 -99.0 -99.0 -99.0 -99.0 -99.0
0.14374325535293764 0.13863265887206744 0.1282918919575966 0.1094219647108492 0.06358777193294785 0.011613118264769184 -0.04630692244609236 -0.09092572685294442 -0.12767465871118056 -0.13037407884775476 -0.20195740226501435 -0.1704607401997258
0.20390067431036485 0.21767093884746735 0.2222020291397211 0.19673905216864718 0.13826884764490188 0.08930725081025948 0.07438490590504188 0.061602111434854834 0.00018700520870673643 -99.0 0.023486723559221545 -99.0
0.12647092153354222 0.16102966513681416 0.16974910568291257 0.1610546277988334 0.14938565274318805 0.12030313750883614 0.09285877181221913 0.056850916020914966 0.06390974290823515 0.08477308205472589 0.030478457527381764 0.05570199093194894
-99.0 0.07842847730087321 0.13781477953253152 0.14422653691220155 0.12230553728430671 0.09416977771932622 0.061867394334475634 0.021116638448125613 -0.03878639497383496 -0.07601845220136916 -99.0 -99.0
0.1579426652075675 0.14916323838445678 0.1572070441323774 0.1654122209521116 0.14900281469296672 0.13271953703053896 0.11870470269297329 0.08046378503433793 -0.005526948245933028 -99.0 -99.0 -99.0
-99.0 0.13540339244729616 0.14826294870624146 0.16258781366030028 -99.0 0.07564421554048195 0.10252952827228157 0.0932599143610453 0.07055484756484809 -99.0 -99.0 0.019360993648712466
-99.0 0.138651758698634 0.14828654157816779 0.21484008249934838 -99.0 -99.0 -99.0 -99.0 -99.0 -99.0 -99.0 -99.0
-99.0 0.06131439763762003 0.1035169344583462 0.1150679793050049 0.047495476716138185 0.05218535816301362 0.07042192194797359 -0.001334314642685186 0.0611711667401309 0.014505652034948469 -99.0 -99.0
-99.0 -99.0 -99.0 0.13802261627425416 0.15913413566561552 0.20637714425810927 -99.0 -99.0 -99.0 -99.0 -99.0 -99.0
-99.0 -99.0 -99.0 0.041756825891228644 0.0377504297329434 0.0031607647569398267 0.011663515921471301 0.012896833544965958 0.05346730554349577 -0.07174500195225342 -99.0 -0.10916840903652236
-99.0 -99.0 -99.0 -99.0 -99.0 -99.0 -99.0 -0.0958303529734561 -99.0 -0.4344175692290815 -99.0 0.09847534517481904
0.16660275182188933 0.11451808185968737 0.07729780805534858 0.08247972667800063 0.10369785457503511 0.13199814357794537 0.119742083975094 0.06948347984521952 0.0557892372712363 0.007046892264057192 0.0790597548924179 0.10164861643553635
0.1444689815901956 0.13826933130665786 0.13984348234041732 0.14806949629819677 0.15778369805247294 0.17028070257794248 0.13521695171390924 0.02623449496526753 -99.0 -99.0 -99.0 -99.0
-99.0 -99.0 -99.0 -99.0 -99.0 -99.0 -99.0 -99.0 -99.0 -99.0 -99.0 -99.0
-99.0 -99.0 0.17708459585655767 0.17299229982759634 0.15951658052089002 0.14185033599904884 0.1584823063877412 0.11300193669113234 -99.0 -99.0 -99.0 -99.0
-99.0 0.11890754927494207 0.16204765489951178 0.16782050457549147 0.14131989252062382 0.1094369360903098 0.08552102706526199 0.07663625829274423 0.052556953479621527 0.06294519683688016 -99.0 -99.0
0.11175677415796059 0.11084561634662826 0.12505003020838323 0.13461484574254534 0.14126029568909892 0.11739958062224254 0.049598066141699704 0.022020162124876563 -99.0 -99.0 -99.0 -99.0
-99.0 -99.0 0.13499688326507275 0.1718852408782734 0.1827965954246249 0.1681686933716282 0.14122512838171097 0.10899230270881866 0.09509344077371651 0.06401890357576612 0.040409384786444846 -0.06448269660574724
0.12928319482960404 0.12064530673537277 0.11238003749806857 -99.0 -99.0 0.15238611893753706 0.11503020992139845 0.1050853851788478 0.13190707012281955 -99.0 -99.0 -99.0
0.10854521414750273 0.14267908267801666 0.17869312988474206 0.1746383648180334 0.15439435834171 0.13013916923470958 0.07552364001184309 0.057252277112199934 -0.03211564233583708 -0.05468052046316352 -99.0 -99.0
-99.0 -99.0 -99.0 -99.0 -99.0 -99.0 -99.0 -99.0 -99.0 -99.0 -99.0 -99.0
0.18520786716931426 0.15186446702568013 0.1561048350730765 0.13683692073439602 0.06010089423018172 0.04181156709877243 -99.0 -99.0 -99.0 -99.0 -99.0 -99.0
-99.0 -99.0 -99.0 -99.0 -99.0 -99.0 -99.0 -99.0 -99.0 -99.0 -99.0 -99.0
-99.0 -99.0 0.13647102957588508 0.17548632163864752 0.1902771240764789 0.17946114118797674 0.14945481837721353 0.1381625344074653 0.11588932108610805 -99.0 -99.0 -99.0
-99.0 -99.0 -99.0 -99.0 -99.0 -99.0 -99.0 -99.0 -99.0 -99.0 -99.0 -99.0
0.21228879763853392 0.16499579941481635 0.12124823541424412 0.1477224572966822 0.10059877036283815 -99.0 -99.0 -99.0 0.04559685696365534 -99.0 -99.0 -99.0
-99.0 0.0297697507677519 0.08036920347540999 0.08397092742151102 0.08117407262898091 0.06532566690137465 0.044121775048813205 0.03481209181640743 0.06557711124825438 -99.0 -99.0 -99.0
0.2100845714468793 0.18998773511295575 0.18372921631288186 0.1536582972455971 0.1476910006934915 0.11488386410879592 0.017645423149906136 -0.009480676875424976 0.025700026663118436 0.0327804487644201 -99.0 -99.0
0.06278633199877959 0.1403060815281858 0.16701964009761383 0.1600552501098793 0.1511751506086494 0.11841894702195965 0.08188672444814493 0.022808138119190247 -0.005139423753414363 -0.054570503566452544 -0.05823449918507606 -99.0
0.19728464167589088 0.12174300961223317 0.1527241748176884 0.13966176773309336 0.10226430287280763 0.07858624310300577 0.03690752466635239 0.006278380519930238 -99.0 -99.0 -99.0 -99.0
-99.0 -99.0 0.15835382663851583 0.1532848604108903 0.14856502053005194 0.11628299022571476 -99.0 -99.0 -99.0 -99.0 -99.0 -99.0
0.038817232781543254 0.0825052526396508 0.12848537343153765 -99.0 -99.0 -99.0 -99.0 -99.0 -99.0 -99.0 -99.0 -99.0
-99.0 -99.0 -99.0 -99.0 -99.0 -99.0 -99.0 -99.0 -99.0 -99.0 -99.0 -99.0
-99.0 -99.0 -99.0 -99.0 -99.0 -99.0 -99.0 -99.0 -99.0 -99.0 -99.0 -99.0
0.20008216863974937 0.1905340200284158 0.17640992885266904 0.16666223951169634 0.1394527590347181 0.1321801051174578 0.1067249445260785 0.08453934796749785 -99.0 -99.0 -99.0 -99.0
-99.0 -99.0 -99.0 -99.0 0.11155827223774928 0.09355329977402782 0.09464896959181246 0.13313030593987385 0.08176974480350907 -99.0 -99.0 -99.0
-99.0 -99.0 0.12051464827618474 0.08394707100808141 0.08096732116940508 0.03083435258290912 -0.035967604767231265 -0.09956492450743859 -0.1210451861499049 -99.0 -99.0 -99.0
0.19827264125628652 0.19458577824205392 -99.0 0.12220921576334831 0.14381742684669696 0.15641498018653444 0.10774101437721484 0.04317804886036036 -99.0 -99.0 -99.0 -99.0
-99.0 0.18637250797278604 0.17499806983282973 0.1793642516280638 0.1522566711482476 0.06960734501121557 0.0294614380256224 -0.0056609111351821895 -99.0 -99.0 -99.0 -99.0
-99.0 -99.0 -99.0 -99.0 -99.0 0.14277720782128434 0.12619435482477215 0.12749572972946233 0.12477341324643909 -99.0 -99.0 -99.0
-99.0 -99.0 0.18595947270829605 0.18637855699175 0.17954421101186924 0.15643810580593964 0.1235281326326163 -99.0 -99.0 -99.0 -99.0 -99.0
0.1657046383757219 0.11895191580591735 0.10402311815596832 0.10386478146155831 0.08405832217591858 0.08675911207054554 0.04923847150220162 0.007728054747634161 -0.045218698384212885 -0.03517313439847314 -0.13724610874387366 -99.0
-99.0 0.1211365317160702 0.14224384742506047 0.14296279074797802 0.14542033591126824 0.11752241762634519 0.06091152648030018 0.08132150371161373 -99.0 -99.0 -99.0 -99.0
0.12625517353466087 0.14637215443123175 0.19167035357671125 0.17354837387309452 0.11000156403292571 0.054601501669653274 0.023572524791525495 0.00481976226072689 -99.0 -99.0 -99.0 -99.0
0.19358165251140846 0.19259224545113618 0.18705670326060364 0.17537511444628606 0.15055300968511887 0.12151487462232957 0.09381906318025734 0.061913269090711154 0.03408653332846967 0.0022794884853940545 -0.0281808888112014 -99.0
0.1550746211974232 -99.0 -99.0 0.017280270890420724 0.10247949550140412 0.03625320636629503 0.04985052099028486 -0.1361334867661519 -0.1744770477072901 -0.055704036733574824 -99.0 -0.06435025413649598
0.23906836347135219 0.18978143129219838 0.16232694374451917 0.21962999325240595 0.23961410969377717 0.19287253264054982 0.14871988820141802 0.2207851938087071 -99.0 -99.0 -99.0 -99.0
0.12461678437957957 0.1513803082465106 0.1628395951571573 0.14224488320312645 0.11527030799210891 0.07743966928496704 0.029246180521907306 0.002201252524317354 -0.0030250344002809015 -99.0 -99.0 -99.0
-99.0 -99.0 0.045758199331043414 0.08794571447096011 0.08143041816558672 0.06680066810966423 0.038067438727917846 0.0038801511823969292 -0.12771400110349873 -0.11377161096954325 -0.113253396464847 -0.2812187309007239
0.04241618189619878 0.09704502005867788 0.11879759805761303 0.11057990926868477 0.09194076542628515 0.0670980765589757 0.023542285704252208 -0.027894162548181 -0.052938104352451276 -0.1110336435121777 -0.05805289273860659 -99.0
0.15992480333578563 0.15411676925390516 0.16851909902300832 0.17035303385478429 0.1263899601254792 0.13965660078719644 0.05204803393331581 0.12274430272068315 -99.0 -99.0 -99.0 -99.0
-99.0 0.2096839312600327 -99.0 0.13819837815634095 0.15817980623575956 0.14868396523277916 0.17055851283991785 -99.0 -99.0 -99.0 -99.0 -99.0
0.14102679252297 0.1179798262205356 0.14913933580468175 0.1726166168947909 0.1391679041088132 0.12354294994308468 0.11458344159364664 0.07707162994070238 -99.0 -99.0 -99.0 -99.0
0.1538698964440801 0.1715924814659182 0.13684766304449703 0.1039107173873326 -99.0 -99.0 -99.0 -99.0 -99.0 -99.0 -99.0 -99.0
0.09355819622009243 0.14001446240165194 0.17010352085658198 0.158146038461787 0.1297372861018502 0.08385013990437251 0.039382756524911855 -0.015265642222843212 0.006526209153822293 -0.09525361442353919 -0.045418672700225926 -99.0
-99.0 -99.0 0.12996279418034895 -99.0 -99.0 -99.0 -99.0 -99.0 -99.0 -99.0 -99.0 -99.0
-99.0 0.11233946983700172 0.1323970331372788 0.12274337158435422 0.09193884547629061 0.04176783305106646 -0.0011323380091941004 -0.029725126851127825 -0.06427844956802353 -0.0442604987763513 -0.07148111039723126 -0.013272855661645266
-99.0 -99.0 -99.0 -0.05259103208331517 -0.08035560385158114 -0.08783728989229012 -0.06303292205047306 -0.06454824038654827 -99.0 -99.0 -99.0 -99.0
0.21846443938309257 0.14880546729421518 0.10955449072699075 0.10869711468392218 0.08836857215317373 0.056340852438669486 0.0222195135674923 0.002063536698790003 -99.0 -99.0 -99.0 -99.0
-99.0 0.10192925354760618 0.13677471824703957 0.16253607213668708 0.15946246094364014 0.14763581564082529 0.13224340575854399 0.10777460889734591 0.08562224643154437 0.0731498494468763 0.07327735087452503 -99.0
0.14025506109787322 0.1742930320422591 0.14111643029537468 0.12196339271384993 0.09878976265882145 0.06202649268111671 0.019529625952943164 -0.011295815117522423 -0.08832834361581554 -0.035216114558142664 -99.0 -99.0
0.21213746016930024 0.2103778294167249 0.20038464979432113 0.1192119950108701 -99.0 -0.000257750192771411 -99.0 -99.0 -99.0 -99.0 -99.0 -99.0
-99.0 -99.0 0.11023875318661958 0.1244691843274488 0.1099754385112579 0.0707840662647623 0.04757415115874153 0.02812005187195865 0.03889369025069733 -99.0 -99.0 -99.0
0.13664162588726114 0.0786755814893283 0.13889585009891725 0.13642594803458863 0.11236479288357515 0.06918912233971142 -0.030764397893905837 -0.01004542449143564 -0.026700441494966753 -99.0 -99.0 -99.0
0.16928330004572167 0.22623669389829182 0.22306996420998537 0.19046779370638056 0.14600980370605932 0.12130666573633242 0.11270479372590181 0.08733633375816297 -99.0 -99.0 -99.0 -99.0
-99.0 -99.0 0.1000362353286608 0.10594381217579141 0.10580724852082923 0.08846439799673256 0.08689303269263782 0.06428706583917077 0.07038038967929339 0.042104673604571374 -0.06991725828683393 -99.0
-99.0 -99.0 0.053362573098356236 0.042863487293391955 0.023367924952761854 -99.0 -99.0 -99.0 -99.0 -0.09513817959204296 -0.04214577008731624 -99.0
-99.0 0.04907400494232128 0.05223377904205151 0.04507077292049999 0.02929715626514451 -0.0126511707910133 -0.06602475344090131 -0.1192225232282258 -99.0 -99.0 -99.0 -99.0
0.12705858624530642 0.1491522090782329 0.10742234122215244 0.020394537243074495 0.00500762570281843 -0.06843702259605955 -0.13684416971859648 -0.2652224885238432 -99.0 -99.0 -99.0 -99.0
0.20530158843623347 0.14880300719224593 0.11092892370847274 0.14052831213525074 0.16324934789292378 0.13997868997045693 0.08469717704363866 -0.011262858011795274 0.044815802920327386 -0.017645021186993404 -99.0 -99.0
-99.0 0.1334222043124278 0.1326664495665355 0.08240801836569389 0.01624718925269164 -0.02314626540509579 -0.05884820947293612 -0.09265814425167385 -0.17602154986131602 -0.190547528837417 -99.0 -99.0
-99.0 -99.0 -99.0 0.09559877116849158 0.10293295812032 0.10728117062714126 0.1125105015217347 0.06607186118580621 0.030586561855688643 -0.005415235970758658 -99.0 -99.0
0.19748367070401862 0.19485497396653706 0.1769178580937254 0.1507601570064363 0.12126965355617436 0.09558093252445765 0.06899958334352796 0.018747157619618093 -0.04235739118194992 -0.02809678003981375 -0.10435111920092943 -0.047655759003552234
-99.0 -99.0 0.19018514606327486 0.18742901972614057 0.1873595206794807 0.15830035444970392 0.15063955802194506 0.17568181939712169 0.1495202894179659 -99.0 -99.0 -99.0
0.20252299215097125 0.19254263840327823 0.19286392888527004 0.1752698834771742 0.1751756928487982 0.15241518967658862 0.1295285739215224 0.10659470067271037 0.10331226031419405 -0.011902441475990955 -99.0 0.06847758188327724
-99.0 -99.0 0.16176990754522969 0.14565862861789647 0.18548675895662292 -99.0 -99.0 -99.0 -99.0 -99.0 -99.0 -99.0
0.17825477530580258 0.17996009022044746 0.22920626153802992 0.1964170064937214 0.12037215183637251 0.0743969035197285 0.025511402445047793 -99.0 -99.0 -99.0 -99.0 -99.0
