col0 col1 col2 col3 col4 col5 col6 col7 col8 col9 col10 col11 col12 col13 col14 col15 col16 col17 col18 col19 col20 col21
0.253555639549117 0.09278754144906998 -0.032281156288997595 -0.09032003290372548 -0.1108330488204956 -0.12592893067049266 -0.13569470877773487 -0.1482177441267842 -0.1566390097141266 -0.17083690263607237 -0.23345151727560876 -0.26641544699668884 -0.29103837526521903 -0.3103230828063269 -0.3101194500923157 -0.31215828352354413 -0.2980920640925577 -0.30046766871614355 -0.306980699300766 -0.30827506996208975 -0.3176083598264687 -0.3363085687160492
-0.026061692703602337 -0.2831906865787154 -0.3537966421420106 -0.32762433389087486 -0.24418697058218639 -0.1911090850834485 -0.170293723317139 -0.17427639232351738 -0.21583855015954673 -0.2959705560331787 -0.37076036972754556 -0.4107798760306215 -0.46794847924210303 -0.5340571937306153 -0.6817978083094425 -0.7485323386496495 -0.8471557108643584 -0.8471923794545022 -99.0 -99.0 -99.0 -99.0
0.026053565133372467 -0.22810003086475 -0.37437697474524806 -0.30712027590205526 -0.25407072068043907 -0.17239491731170378 -0.1120872538308603 -0.08174622460971245 -0.08368867920550631 -0.12206441898466448 -0.15542663231929724 -0.1929861592133195 -0.24433242423066356 -0.2690202920902497 -0.2888489869191946 -0.3198562400871753 -0.35329199077596574 -0.3778790418528712 -0.40938380340828734 -0.4371848512149791 -0.44968210912757406 -0.4786928623334835
-0.06133459148932208 -0.22231365445564538 -0.19200299437374296 -0.16462041451346915 -0.19820103953314197 -0.21895359793998653 -0.2478965842008106 -0.2707601097050816 -0.32600940044622073 -0.38231349307877005 -99.0 -99.0 -99.0 -99.0 -99.0 -99.0 -99.0 -99.0 -99.0 -99.0 -99.0 -99.0
0.09259303659200668 -0.12606619513789238 -0.28336459398269653 -0.2988802194595337 -0.3170998692512512 -0.3220555301709293 -0.3284463882446289 -0.3332875370979309 -0.3100173900187009 -0.29952314496040344 -0.2954466938972473 -0.2994520344078678 -0.3091541826725006 -0.31765201687812805 -0.3480292558670044 -0.34486394210779253 -0.34315013885498047 -0.36963286995887756 -0.40067903143160527 -0.4375818073749542 -0.4351717233657837 -0.4999922970752786
-0.05741672842538346 -0.1976613431048937 -0.16112237958503464 -0.17370288018702512 -0.14542201163734464 -0.15817107017683524 -0.21356391707078023 -0.29227766615904627 -0.3509514497706088 -0.35051524077331264 -0.35963893148773834 -99.0 -99.0 -99.0 -99.0 -99.0 -99.0 -99.0 -99.0 -99.0 -99.0 -99.0
-0.11484250645104893 -0.2551065763109108 -0.21805410766531758 -0.12763643063439187 -0.12485287409892888 -0.12671363578626235 -0.15084544002839534 -0.1883852464084837 -0.2337227740077348 -0.2640327005741383 -0.2894846833581643 -99.0 -99.0 -99.0 -99.0 -99.0 -99.0 -99.0 -99.0 -99.0 -99.0 -99.0
-0.025890839596014483 -0.22723459023275538 -0.26686769846590763 -0.19849957869801216 -0.19949084284744353 -0.19060223665100337 -0.20678040237722678 -0.207650607842654 -0.2110865976708784 -0.23011621941814867 -0.24561307005687114 -0.24966835948065175 -99.0 -99.0 -99.0 -99.0 -99.0 -99.0 -99.0 -99.0 -99.0 -99.0
0.03313624827893422 -0.18432688738308137 -0.2998890917617347 -0.27854132410156857 -0.26679664397429925 -0.21785037213577504 -0.16349208004411886 -0.15687539019490504 -0.17485166418784157 -0.2192306948777756 -0.23127036495944328 -0.2255138200158775 -0.22531974153199144 -0.23487541153097485 -0.24941992671725227 -0.2766506413623956 -99.0 -99.0 -99.0 -99.0 -99.0 -99.0
-0.1410131187484676 -0.4229746104097837 -0.3478088612504006 -0.23883783185355756 -0.19221611381348597 -0.13457007017260855 -0.14780291414886707 -0.18407038958357316 -0.1880831099425034 -0.19096829733624557 -0.21379590239992194 -0.22529536148946477 -99.0 -99.0 -99.0 -99.0 -99.0 -99.0 -99.0 -99.0 -99.0 -99.0
-0.07190918940281585 -0.3377434952844891 -0.42412422372071573 -0.39911948409477144 -0.3609279608464798 -0.3160157491954192 -0.2841122039380073 -0.2923143291791634 -0.3061378968248776 -0.3300225911553377 -0.32659324409055757 -0.33419555349868985 -0.34973168894872464 -0.3549390364882905 -0.37387489011234953 -0.3731892918183348 -0.4007112393722109 -0.42660763686945896 -99.0 -99.0 -99.0 -99.0
-0.13009976823028968 -0.36484260139736907 -0.28102674711378467 -0.27552344560726943 -0.28081597549613246 -0.295188044471135 -0.3079534144988437 -0.3415192886520539 -0.3676511890207566 -0.3888537585735321 -99.0 -99.0 -99.0 -99.0 -99.0 -99.0 -99.0 -99.0 -99.0 -99.0 -99.0 -99.0
0.09726963454015596 -0.10585676740810697 -0.12187940937906927 -0.1042647662664535 -0.1273989317054827 -0.13938738180739768 -0.17295186808177998 -0.20339526682238873 -0.22870571311815877 -0.248841148606702 -0.25028809741227576 -0.25461128089626084 -0.27639980139451514 -0.2712239552594066 -0.2915111865412772 -0.30861819607396224 -0.3293897398560196 -0.3448530042717935 -0.32983748659996637 -0.32925773044815687 -0.35537095024281135 -0.3919103120865155
0.12997770309448242 -0.05145524163412555 -0.17752652740953243 -0.2568935453891754 -0.2844312787055969 -0.3263201571511217 -0.3374695877429076 -0.3374907970428467 -0.3241305351257324 -0.3180494180668217 -0.3194028437137604 -0.30798924008446005 -0.3022780418395996 -0.3093083186715798 -0.30360960960388184 -0.2984863603663289 -0.2803366694576965 -0.29722723364830017 -0.2830088027582038 -0.28798797726631165 -0.28123611211776733 -0.29225000662558964
0.14695774595211533 -0.025818298968768364 -0.02960767604867219 -0.031996687858964604 -0.03773041069507599 -0.053656793754335255 -0.11744461041771331 -0.15655446148375116 -0.1860549357423817 -0.23218576083885575 -0.27592107200129634 -0.2992505109134468 -0.3194238357897634 -0.34694502155901297 -0.3738589882850647 -0.3974842424614107 -0.44223903546715926 -0.4989749920237565 -0.5581719678109165 -0.5964469612900412 -0.6327582599967206 -0.6820331326664733
-0.10341633553425551 -0.3610598775590212 -0.2949456194668144 -0.15630702304049038 -0.1063677968726238 -0.0694416439265545 -0.11506903341249673 -0.13942399525028304 -0.18040425581418576 -0.20992860081368242 -0.22669232408722179 -0.2829578027125287 -0.3575728436911976 -0.402170086374733 -0.4287869320279089 -99.0 -99.0 -99.0 -99.0 -99.0 -99.0 -99.0
0.07418221586874527 -0.3047350946060726 -0.329000642787471 -0.2517408548146085 -0.1573465767680645 -0.08654472000601414 -0.0445117539169629 -0.13309751191531352 -0.17272160694776853 -0.21986499790077227 -0.2761459829369897 -0.33885123863226646 -0.3570975440373548 -0.3724813461303711 -99.0 -99.0 -99.0 -99.0 -99.0 -99.0 -99.0 -99.0
-0.10136066052595742 -0.4305738388745896 -0.3565435127211094 -0.30059692374727315 -0.2755693925082197 -0.2554204036564978 -0.25940397801873233 -0.2802812043928157 -0.29276558721428264 -0.3303599035867046 -0.38727854984390414 -0.42915338300108263 -0.4841062230282222 -0.511058684115929 -99.0 -99.0 -99.0 -99.0 -99.0 -99.0 -99.0 -99.0
-0.027457230741437254 -0.18932904097931594 -0.23174002263021606 -0.2726318654042189 -0.30307501554489136 -0.32521286625153084 -0.34171877531982353 -0.3591653207000816 -0.35373568203798333 -0.3634264390751721 -0.3699306231295113 -0.37649789533410605 -0.36335664562613385 -0.34972488452941436 -0.3187709152698517 -0.360721520049467 -0.37622027140722974 -0.38059388578214337 -0.4002496222594821 -0.3975037954291407 -0.3810006387306252 -0.39710225703628427
0.08704956711716698 -0.04072055499788896 -0.05831293346263767 -0.03543467018032296 -0.062172867357730865 -0.13279988434853188 -0.19449706805396189 -0.2232812288283966 -0.25144083854898014 -0.2992407109084744 -0.35053871505059725 -0.3637038966708832 -0.3716860276992307 -0.38972332432865336 -0.4064779579639435 -0.4138763777225143 -0.43869420991059854 -0.4735239985753695 -0.55558904122885 -0.5907408690006651 -0.6348696472349583 -0.6776513341175561
0.2432190626859665 0.047598074464216884 -0.1328095366210035 -0.14770013093948364 -0.1378117948770523 -0.1191206312827209 -0.11416205783307383 -0.14064382016658783 -0.16044463217258453 -0.19039878795131218 -0.21815714240074158 -0.24651005616614163 -0.2748793661594391 -0.30015584279803686 -0.3238770663738251 -0.33074648800783 -0.34805086382905104 -0.3602617681026459 -0.3706240009238212 -0.3822658061981201 -0.3850058615207672 -0.40260637781147146
0.20592273771762848 0.0617942251265049 -0.06340739876031876 -0.1659347265958786 -0.20345351099967957 -0.22112103698487034 -0.21870136260986328 -0.2385241985321045 -0.2802917957305908 -0.3108748495578766 -0.3295702040195465 -0.34345436096191406 -0.37003910541534424 -0.3733538091182709 -0.38490986824035645 -0.404037534418056 -0.42589083313941956 -0.4434216320514679 -0.4731913208961487 -0.49468526244163513 -0.5148276686668396 -0.5224566459655762
0.0005052851047366858 -0.13718103838838214 -0.5034408393559788 -0.6166614890098572 -0.6317877173423767 -0.6246552607216369 -0.5491468844162187 -0.5053076148033142 -0.4623076319694519 -0.4169393598824907 -0.3577243387699127 -0.31598757801525507 -0.28178638219833374 -0.2912491985161885 -0.2916507422924042 -0.29114609675826575 -0.30582798454488985 -0.32325753569602966 -0.35320190331772067 -0.3897618353366852 -0.40632086992263794 -0.4459925164731309
-0.059530150990733645 -0.31526411143563826 -0.13461016345924334 -0.09764211022943568 -0.06934606478209746 -0.07610861321692215 -0.11474197942597585 -0.13459507975045046 -0.17524594900787796 -0.2353671080835058 -0.2631280207296257 -0.2747839186580819 -99.0 -99.0 -99.0 -99.0 -99.0 -99.0 -99.0 -99.0 -99.0 -99.0
-0.04519162418681178 -0.24113864307502353 -0.22403671008135262 -0.15858731039361507 -0.10712931115274568 -0.0788130991984015 -0.11498671631315842 -0.17528846584033364 -0.2232568977044436 -0.234268238672431 -0.25191309937768835 -0.2856125299361784 -0.3243246124683021 -0.35390702723600237 -0.3844966985719786 -0.41774736102464494 -0.457578508010565 -0.4650706206172999 -0.4837576486641487 -0.5065550917486954 -0.5095696973806839 -0.5023523824766781
0.039850657892081406 -0.12115972254683958 -0.21404962399336175 -0.2305575700312784 -0.2142961792961979 -0.22676935664290276 -0.21154211826306177 -0.24570364426711744 -0.2744054878183877 -0.2813318295935024 -0.28762343127027457 -0.2923925207413268 -0.2782740211992799 -0.2862290143966675 -99.0 -99.0 -99.0 -99.0 -99.0 -99.0 -99.0 -99.0
-0.029276861229594216 -0.2909043318980081 -0.3674467135173745 -0.36136814341958223 -0.3420829852829216 -0.28526183455818355 -0.19518738926125748 -0.19185456116706553 -0.17442692579877817 -0.16844977512288403 -0.19660325238030638 -0.22243958446260728 -0.2854692590246824 -0.3264446992351753 -0.37731120696571874 -0.45774448018383124 -0.49772210885116214 -0.5151697305854167 -99.0 -99.0 -99.0 -99.0
-0.08609583596413183 -0.1839968080676224 -0.08135221403702837 -0.059444765539738945 -0.08921212867803681 -0.14022504174642497 -0.1975921138358656 -0.21516983590693659 -0.23609754188667323 -0.2796341345456651 -99.0 -99.0 -99.0 -99.0 -99.0 -99.0 -99.0 -99.0 -99.0 -99.0 -99.0 -99.0
-0.00954396036222166 -0.3628774693816375 -0.38474210046521834 -0.31061427797307667 -0.28269159389040655 -0.27155988931709996 -0.28475704485860454 -0.3005010217650383 -0.3328816521183415 -0.37989877474626926 -0.40997381562443835 -0.4196867741336995 -0.4078023241195774 -0.41137080269682885 -0.4211878981142429 -99.0 -99.0 -99.0 -99.0 -99.0 -99.0 -99.0
0.012597779528409727 -0.09501206874847412 -0.07940145545876891 -0.12092542760775603 -0.12767720222473145 -0.15221151546530068 -0.18070037064770644 -0.21670952629034618 -0.244843527674675 -0.2593111716789939 -0.2936153038079503 -0.3105950653553009 -0.3158865840626165 -0.3149343526449442 -0.3194785416126251 -0.3286780400005606 -0.3577215389202326 -0.37088478820956305 -0.381647527217865 -0.3917421038544465 -0.3938456558672476 -0.38636747002601624
-0.029891227567881026 -0.14411289091794846 -0.171690214519438 -0.14344033643537912 -0.1523956944349937 -0.16371274781902917 -0.1929873877328501 -0.2160115774911704 -0.22751328839320678 -0.25809334076559803 -99.0 -99.0 -99.0 -99.0 -99.0 -99.0 -99.0 -99.0 -99.0 -99.0 -99.0 -99.0
0.2597702463656241 0.13610583543777466 0.0201404982906256 0.03405839981677841 0.03484558314085007 0.01000999508637916 -0.039529079567521115 -0.09386904303691036 -0.13594943284988403 -0.15050321530079286 -0.18193368489554146 -0.22016601264476776 -0.23719027525206243 -0.2568775179147704 -0.2707740068435669 -0.2752241926725305 -0.29321327061210917 -0.32076583323493996 -0.337444543838501 -0.34943118105799953 -0.3926827492674402 -0.43147504329681396
0.0336216594856466 -0.13592776301517864 -0.13344706470574808 -0.13986005543328475 -0.1285112698183667 -0.1349172007348463 -0.1943767594927022 -0.20796472937351088 -0.23009552532067296 -0.27608290239165056 -0.3192328803137197 -0.3618073996595581 -99.0 -99.0 -99.0 -99.0 -99.0 -99.0 -99.0 -99.0 -99.0 -99.0
-0.07303306389525752 -0.31933415340501825 -0.3837158359336515 -0.36136251573786976 -0.30664391391816465 -0.2884862594724569 -0.23989487677659013 -0.23305254737953754 -0.23117295996064816 -0.21778324182647457 -0.23104684393403385 -0.2407475473624392 -99.0 -99.0 -99.0 -99.0 -99.0 -99.0 -99.0 -99.0 -99.0 -99.0
-0.06703674667974252 -0.11544832593404863 -0.09539261704707327 -0.14250064506635396 -0.15197346341432938 -0.17180591225837727 -0.2206248925131634 -0.2532625966390482 -0.2844916407580977 -0.3200307109742958 -0.31993737198539834 -99.0 -99.0 -99.0 -99.0 -99.0 -99.0 -99.0 -99.0 -99.0 -99.0 -99.0
-0.08658821060579786 -0.27842541867348797 -0.24815801436227403 -0.22839378461518908 -0.24152958444625708 -0.26671723744847076 -0.27736885308203746 -0.28363625280199256 -0.3065487879014119 -0.33485435287600235 -0.35996725207473873 -0.3975285859887621 -0.4177463867946941 -0.4212734454592959 -99.0 -99.0 -99.0 -99.0 -99.0 -99.0 -99.0 -99.0
-0.1611580802719554 -0.3065971043822162 -0.2241371661480735 -0.20988086162848713 -0.1879393207563644 -0.17637872528084858 -0.22411261617440617 -0.26581189977708763 -0.3033429284054753 -0.32894829877743065 -99.0 -99.0 -99.0 -99.0 -99.0 -99.0 -99.0 -99.0 -99.0 -99.0 -99.0 -99.0
-0.010141177369449658 -0.22529293930794236 -0.2237595184062174 -0.18986631943736512 -0.15627715475477516 -0.1926005964691224 -0.20192671369846565 -0.19285228030290202 -0.22361848326959977 -0.24553783210928234 -0.26020706989144093 -99.0 -99.0 -99.0 -99.0 -99.0 -99.0 -99.0 -99.0 -99.0 -99.0 -99.0
0.22776579856872559 0.10571451788417066 0.04113871604204178 0.028068890795111656 0.036925408989191055 0.028011316024817667 -0.01177283190190792 -0.03529664874076843 -0.07886061105965653 -0.15113741159439087 -0.17726300656795502 -0.21907965427357223 -0.2479558289051056 -0.25830528140068054 -0.2694469690322876 -0.2794353109395574 -0.299096018075943 -0.315493106842041 -0.3426312671593507 -0.3626730740070343 -0.38120153546333313 -0.40400902995584237
-0.06721256738279348 -0.2378032151119512 -0.11371389241104954 -0.06009912852297598 -0.06702056711439372 -0.10217154028207819 -0.1361061972020518 -0.18870903652124493 -0.23064943376298983 -0.2506052209703701 -0.28690646283614085 -0.3218452281080022 -99.0 -99.0 -99.0 -99.0 -99.0 -99.0 -99.0 -99.0 -99.0 -99.0
0.08627099831333243 -0.2498761060992617 -0.32047450384771814 -0.3021511945771618 -0.25037139665484076 -0.2096505194816166 -0.15182891646725283 -0.13207020766051825 -0.15932376805899356 -0.2636452919584594 -0.32854319534393445 -0.46947732193686253 -0.5888475927619593 -0.742386156326436 -0.9014831914030921 -0.9771432629185959 -1.1310511164283605 -99.0 -99.0 -99.0 -99.0 -99.0
-0.01532724693144152 -0.1660413810546361 -0.2926298049713587 -0.397347914102387 -0.3934777796265976 -0.3860160891123237 -0.35707379415909735 -0.3401995379382739 -0.28909137213971237 -0.2692178364433697 -0.2753504424890589 -0.23263413930217489 -0.2090716184915685 -0.20289761954137026 -0.2212507418494172 -0.22630312288404875 -0.20901223441457556 -0.21366699673123063 -99.0 -99.0 -99.0 -99.0
0.28790059459492456 0.19830164820319543 0.044410290339434 -0.006842752250326334 -0.0132453836779421 -0.007413811039768186 -0.06836536407296136 -0.1193742989129973 -0.18533936697144857 -0.27459286835134883 -0.32618780597728514 -0.3755778474490557 -0.4274863738971549 -0.4857285710866643 -0.5372801036020712 -0.5850498671147244 -0.6182236637785067 -0.6671755760525286 -0.7177613553998936 -0.7261571884155273 -99.0 -99.0
0.04301412088084416 -0.1972948224176524 -0.2677453086815587 -0.2584547740828053 -0.26097383931644214 -0.2665880010208874 -0.2803258587188522 -0.3149073280453436 -0.33415403845375335 -0.3450991179165699 -0.4119400978739299 -0.5056232630482448 -0.5849595008677321 -0.6326862544169352 -0.6838220044606573 -0.6972337827959066 -99.0 -99.0 -99.0 -99.0 -99.0 -99.0
0.0870167121171722 -0.10079444931508497 -0.23129350236045484 -0.2650781922984261 -0.252902209848887 -0.23874107599956793 -0.2335997637845414 -0.2580534209487054 -0.30127051921902026 -0.3443323551107628 -0.3792019036189381 -0.42152323775469014 -0.44951864162403776 -0.481208456038406 -0.5205960572816216 -0.5626120746256825 -0.612152661114608 -0.6387409786682867 -0.6734717861104138 -0.7016561823794603 -0.7295336323804859 -0.7419708454808057
-99.0 -99.0 -99.0 -99.0 -99.0 0.24528828263282776 -99.0 -99.0 -99.0 -99.0 -99.0 -99.0 -99.0 -99.0 -99.0 0.03994922712445259 -99.0 -99.0 -99.0 -99.0 -99.0 -99.0
0.12241512720388671 -0.13143509577619228 -0.11728106978637085 -0.13752600312476362 -0.17010916113595337 -0.2201105069579778 -0.24879708561623623 -0.29538884145061745 -0.330365041442178 -0.3480572125180449 -0.3658167718979664 -0.3632965194152284 -0.3752645815247193 -0.40155841535820086 -0.42559698291879894 -99.0 -99.0 -99.0 -99.0 -99.0 -99.0 -99.0
0.10607128735335773 -0.13914999501551528 -0.17508831370008707 -0.1769230778075649 -0.17327041497302895 -0.1638781021192243 -0.18520063669425296 -0.20415859123701194 -0.24250282745388932 -0.293130757977687 -0.364618316423896 -0.4358766905513036 -0.4485034640002013 -99.0 -99.0 -99.0 -99.0 -99.0 -99.0 -99.0 -99.0 -99.0
0.16583812507210352 0.07400793216529429 0.019119531416134067 -0.05664752127453441 -0.07030447928569616 -0.09863831648017354 -0.13015232661525244 -0.15187289391936268 -0.1464091566159722 -0.13784306157462864 -0.1693429308127376 -0.20651569342181997 -99.0 -99.0 -99.0 -99.0 -99.0 -99.0 -99.0 -99.0 -99.0 -99.0
0.3087047040462494 -99.0 0.18105396628379822 0.08475565165281296 -99.0 0.01678113080561161 -0.0728643462061882 -0.10651013255119324 -99.0 -0.11650193482637405 -0.13505776226520538 -99.0 -0.15214119851589203 -0.15799516439437866 -99.0 -0.15770287811756134 -0.16821159422397614 -0.16590896248817444 -99.0 -0.1791597604751587 -0.18228551745414734 -99.0
-0.06546626505318442 -0.40830157639926323 -0.42344742395272317 -0.3336972266256025 -0.25228304276425284 -0.22293687877719992 -0.25082314542099454 -0.2777147364723184 -0.3232103166475947 -0.359749418781465 -0.3637390606274225 -99.0 -99.0 -99.0 -99.0 -99.0 -99.0 -99.0 -99.0 -99.0 -99.0 -99.0
0.012334620936399487 -0.12467639148235321 -0.19771536578844023 -0.2566160635218524 -0.26583951711654663 -0.2694737051720496 -0.24396603710790282 -0.21169987621926029 -0.20602630078792572 -0.20569094595048956 -0.22603964923211745 -0.21638883650302887 -0.23286854931000261 -0.27207207850847687 -0.33799630403518677 -0.3551642897179288 -0.367165599450431 -0.3618876956742659 -0.3677639365196228 -0.3872885638618973 -0.38342906722296777 -0.3849896192550659
0.08880148339316717 -0.23533409537282549 -0.24563062658079454 -0.21807630611622666 -0.21036182962778735 -0.24642231868691042 -0.2675866476865329 -0.26300516032753746 -0.26621327661795924 -0.27010541478921063 -0.2926583526213932 -0.32868193114768957 -0.3665506857676344 -0.38801175355911255 -99.0 -99.0 -99.0 -99.0 -99.0 -99.0 -99.0 -99.0
-0.14455579818336456 -0.3549764942748201 -0.27020519963375034 -0.14510249930750127 -0.08687395568741992 -0.12961404895177053 -0.20576943914330095 -0.2778388337672381 -0.32211538256475925 -0.3571708202167629 -0.3914536626015091 -0.46975844887934165 -0.5378386296774035 -0.5936699442800272 -0.6435864124771727 -0.7050568031872442 -0.7980385503901821 -99.0 -99.0 -99.0 -99.0 -99.0
-0.07300340559010672 -0.3436758163080634 -0.48219528304032844 -0.474776070431982 -0.43985030430657446 -0.38984161997084776 -0.32797709208169024 -0.2827243741564652 -0.29806135471748724 -0.3020354132739423 -0.3098356476359205 -0.2907972528261088 -0.2966945004490454 -0.305476817256516 -0.33728506194267943 -0.34695146158856033 -0.3152361685025998 -0.34488839602059623 -99.0 -99.0 -99.0 -99.0
-0.11342324698237419 -0.29261565242851933 -0.3356256031346566 -0.30199743256266104 -0.2799842153392938 -0.2789272845385649 -0.292884856620825 -0.2930137419129662 -0.2945999497766063 -0.2742711063683307 -0.2755538922736923 -0.2933038611365216 -0.30977948320951454 -0.31969961524009705 -99.0 -99.0 -99.0 -99.0 -99.0 -99.0 -99.0 -99.0
0.20138104257188574 -0.2796196568072206 -0.1710845696009694 -0.1636791098263203 -0.15571462412800072 -0.11962317182361146 -0.12292630696350235 -0.18210671297212816 -0.23802997305428183 -0.25482399807269607 -0.3034740588628671 -0.36962265717570847 -0.41657010827471885 -0.4214940369129181 -99.0 -99.0 -99.0 -99.0 -99.0 -99.0 -99.0 -99.0
-0.0465759183383531 -0.29113146206145457 -0.3283200457541387 -0.34823915297454416 -0.3606656685885426 -0.3213043679544937 -0.2857054645979618 -0.27029029315453584 -0.2744522456839775 -0.2701036046219804 -0.24246754311272978 -0.23001636860457614 -0.228082556649198 -0.21176604964888884 -0.21328061374156015 -0.20762436214312985 -0.20715438456471125 -0.22022784286124114 -99.0 -99.0 -99.0 -99.0
0.11334525048732758 -0.03233906626701355 -0.16333182156085968 -0.220586895942688 -99.0 -0.25661700963974 -0.27017083764076233 -0.2795906066894531 -0.28449714183807373 -0.27755647897720337 -0.2716655731201172 -0.27624496817588806 -0.28128719329833984 -0.2814934551715851 -99.0 -0.2949674427509308 -0.3234562575817108 -0.3504602909088135 -0.3806125521659851 -0.3948162794113159 -0.41098323464393616 -0.42461705207824707
0.0876883864402771 -0.12712477272489792 -0.2567411940862473 -0.2772310972213745 -0.2650011479854584 -0.2598843865784345 -0.2775572632684752 -0.30394434928894043 -0.3109251856803894 -0.3265664919177599 -0.3444230556488037 -0.3663221560374689 -0.3746579587459564 -0.3856453100130775 -0.3939194083213806 -0.4301532316687158 -0.4737603540206441 -0.49551713466644287 -0.5154939968361906 -0.5480265617370605 -0.5891566872596741 -0.5898771788416218
0.16052287817001343 0.02019276995832138 -0.09758303874170061 -0.10298502445220947 -0.09132310748100281 -0.08361081680005583 -0.09074001618188733 -0.12716782093048096 -0.15868628025054932 -0.18161428876368904 -0.22409459948539734 -0.24878318959581217 -0.28596439957618713 -0.31475446099019366 -0.3413049876689911 -0.36153124480752075 -0.38988896906490317 -0.401819109916687 -0.41495803744548054 -0.43609854578971863 -0.44727811217308044 -0.4736522329965718
-0.07179210338594005 -0.4927717986392393 -0.5384124411965632 -0.45734488347304975 -0.37687475630346 -0.3225717312044213 -0.35589851022170554 -0.4130536162780978 -0.4532789312104826 -0.5014802172948843 -0.5351212252514265 -0.556329169586826 -0.5657930824573468 -0.5945429984602544 -0.6153889690117318 -0.641288995702195 -99.0 -99.0 -99.0 -99.0 -99.0 -99.0
-0.051836052035675685 -0.2336864689366016 -0.2335660169591695 -0.3121083477484073 -0.3297530997738672 -0.3089628092977045 -0.31335669906811014 -0.29342417517468466 -0.3264651633591057 -0.3796417007145031 -0.40561334949505784 -0.40347559848997433 -0.36190500268921827 -99.0 -99.0 -99.0 -99.0 -99.0 -99.0 -99.0 -99.0 -99.0
0.02249750758929773 -0.3114459094056507 -0.22944354828603716 -0.15587502024128427 -0.12921910237179066 -0.1240986819314102 -0.13066495932032127 -0.1561440430480283 -0.17647647865500743 -0.20169128646611903 -0.22704247254493204 -0.261639447337202 -0.27703021204241435 -99.0 -99.0 -99.0 -99.0 -99.0 -99.0 -99.0 -99.0 -99.0
0.07299151100928827 -0.12920747454340123 -0.1690076489656061 -0.17710408766860186 -0.16773522005848934 -0.201308826806201 -0.234376249121158 -0.2527111998049824 -0.27065123730782276 -0.28083415610572643 -0.3120545540130852 -0.3383374192139394 -0.35540022995183695 -0.3876530040786554 -0.42641342512067193 -0.445905335019946 -0.4571725114044263 -0.4809254273052479 -0.4922858445407054 -0.5027393842049492 -0.5003869016479456 -0.501005403928365
0.026478106565693934 -0.19210325675459147 -0.2558061250168148 -0.23260509644530752 -0.2053726578773712 -0.13159103664136423 -0.10282702786519908 -0.11843346574875074 -0.11430809953396975 -0.10590103061687987 -0.10179029414996513 -0.16384249903349615 -0.19345099287630765 -99.0 -99.0 -99.0 -99.0 -99.0 -99.0 -99.0 -99.0 -99.0
0.10966424497230583 -0.21864186198675176 -0.23021376119039286 -0.1412082151004539 -0.1177322268486023 -0.11110435878851894 -0.14456773393306083 -0.19017889399446064 -0.24152506598628262 -0.32023982298316045 -0.3634050824945421 -0.3959439244900242 -0.4321462493262022 -0.4597272297632419 -0.49377432465553284 -0.525118720645617 -0.5546627502030453 -0.5629609716207373 -0.5577806062267925 -0.5919820547744157 -0.582807451385204 -0.5930184433320305
0.13964909315109253 -0.022898228290201477 -0.19245024620331416 -0.2065555900335312 -0.17888693511486053 -0.18250093336100554 -0.2071036406066074 -0.26871171593666077 -0.29720523953437805 -0.3252531356286151 -0.34415653347969055 -0.3474484868676428 -0.366963267326355 -0.416273179148405 -0.4747298061847687 -0.5157144173443372 -0.5639940956899582 -0.6005228757858276 -0.6223479817804536 -0.6368631720542908 -0.6616740226745605 -0.6884207470345015
-0.09677400317865814 -0.28036286536820115 -0.26869843766584023 -0.22487145927699448 -0.22802879316407004 -0.20719627349311162 -0.17036375891403116 -0.15117639537042196 -0.16583659596442776 -0.17597645169726028 -0.18610444408685098 -0.18567951528688467 -0.19319448651274168 -99.0 -99.0 -99.0 -99.0 -99.0 -99.0 -99.0 -99.0 -99.0
0.14581934359143212 -0.05277996453353944 -0.08968071430493488 -0.0888640715390697 -0.10306582794275267 -0.10517114498538532 -0.11831730577404448 -0.14796891569620194 -0.1970856290610596 -0.20746930750971682 -0.209949905189331 -0.2657758510146999 -0.3307116479269407 -0.3674833723628756 -0.3774827284592005 -0.42406290298941735 -0.45323111829142276 -0.4707495245746176 -0.49266585920225986 -0.5061035101954948 -0.5362303747132536 -0.5324623584747314
-0.11548852956651565 -0.21802472205832515 -0.10783471980195455 -0.06579017180150301 -0.060148251034616254 -0.07609653329927346 -0.0842761747354053 -0.12324293712012101 -0.15499118447984642 -0.21748398422017604 -0.30602012578221677 -0.3738863361061243 -99.0 -99.0 -99.0 -99.0 -99.0 -99.0 -99.0 -99.0 -99.0 -99.0
0.03327749989171547 -0.08275772558649168 -0.0991541324739517 -0.08606939675800769 -0.0710893562343495 -0.07594534147672327 -0.11362936037770209 -0.13084101076713398 -0.1471475484732548 -0.16417783800407681 -0.22807981959793241 -0.28691216106039724 -0.3538263801441057 -0.39725295561751883 -0.44128903211638537 -0.4502321283538671 -0.47862420566614094 -0.5202839404146213 -0.5330216441747578 -0.574583113193512 -99.0 -99.0
-0.08981281349840554 -0.21945837140083313 -0.33798399926342315 -0.3355486800438627 -0.3225843608379364 -0.302630864203125 -0.30275236384196647 -0.31054522960465114 -0.28970077633857727 -0.27372176355283356 -0.29219901544848637 -0.3019746243953705 -0.3215444944032636 -0.3067908749399816 -0.31878897547721863 -0.35135079769192906 -0.3809121534105328 -0.36998697951064474 -0.3949044346809387 -0.4324707788573486 -0.47207476624505806 -0.5068497657775879
0.018189761117148227 -0.1658963493843006 -0.1959399903832866 -0.12639247126145994 -0.07053002576197293 -0.05443722311505145 -0.051497629622467934 -0.08574889770895582 -0.15856233358888724 -0.22944450408913555 -0.2577236879894345 -0.28394870680952417 -0.3348534375404912 -0.3687526808803627 -0.3841242951223854 -0.40988885122270874 -0.4447158165979522 -0.44995027798297055 -0.466803587908973 -0.4794688388976318 -0.5278201584015337 -0.5327724814414978
0.07705807718752626 -0.22770373657234308 -0.33202085934743025 -0.3226557008115772 -0.2680718738645411 -0.23135496966558408 -0.23780120011761116 -0.25416737535988393 -0.29261816191473805 -0.3031936200483895 -0.3078831936969938 -0.3064279257296964 -0.30183551390959834 -0.3208177537789084 -0.3388130099105988 -0.3521832542567429 -99.0 -99.0 -99.0 -99.0 -99.0 -99.0
-0.21197390267918914 -0.4662310246459082 -0.4683723806726219 -0.4035016115237191 -0.3583426582529627 -0.33138220139493807 -0.3513247825206058 -0.3621468425700799 -0.347443923037752 -0.3257233058032093 -0.29462589122466765 -0.2875629572719525 -0.3143711264907312 -0.3615878259727801 -99.0 -99.0 -99.0 -99.0 -99.0 -99.0 -99.0 -99.0
0.02929224340250333 0.02644469891471753 0.011408193940804558 -0.018000798914895953 -0.0364871380784835 -0.08077134365469471 -0.1309997241407467 -0.1951649149996087 -0.2774865841347362 -0.3157031348555481 -0.31505349248651293 -0.32099852342054536 -0.33619966599697443 -99.0 -99.0 -99.0 -99.0 -99.0 -99.0 -99.0 -99.0 -99.0
-0.1431522625241274 -0.4880760309161508 -0.3756391726694557 -0.30929869489741946 -0.2713710390889951 -0.25448564331521234 -0.22909774278811934 -0.21524828671208132 -0.22804136483958304 -0.23022993076331077 -0.2894863447040949 -0.3617517021450683 -0.4192193495391967 -0.41137818849912194 -0.40413439507463866 -0.4273283725609211 -0.44855386845257805 -0.4838469163236183 -99.0 -99.0 -99.0 -99.0
0.06160415709018707 -0.12040182603484018 -0.34883832931518555 -0.41081005334854126 -0.4261075258255005 -0.38701137843379063 -0.3536006808280945 -0.35261496901512146 -0.3681283630569038 -0.36654210090637207 -0.36848118901252747 -0.3613129504937606 -0.3746272921562195 -0.38112184405326843 -0.38638097047805786 -0.39343894550762254 -0.4174318313598633 -0.42282211780548096 -0.4288748396759729 -0.44314488768577576 -0.43881067633628845 -0.45706971688621245
0.21085311293927894 -0.03976782210444578 -0.18026803026203433 -0.197509882307219 -0.1929790770432523 -0.1474125065064684 -0.1354473744669882 -0.19246651802200673 -0.2670202239140032 -0.3166723880860064 -0.3615186477136634 -0.3774002964445779 -0.38620043041111396 -0.4013240139363497 -0.42127616497964004 -0.45071815183213765 -0.47764879331414606 -99.0 -99.0 -99.0 -99.0 -99.0
0.06399942868799023 -0.23974448471558607 -0.2919756509079947 -0.2882284073891365 -0.2656259186994438 -0.27457123431220626 -0.2792319330921757 -0.3036324697857277 -0.32330821604198295 -0.37914070465121275 -0.41996735278227093 -99.0 -99.0 -99.0 -99.0 -99.0 -99.0 -99.0 -99.0 -99.0 -99.0 -99.0
0.026305031436137896 -0.2680418567194325 -0.20880982130776732 -0.11519695653583481 -0.047140666764501155 -0.01366053852773635 -0.06328058178810003 -0.11591588318753318 -0.16691448433784403 -0.23312058711481695 -0.29580304974799826 -0.35540543325929774 -0.39325211351997164 -0.437761529729439 -0.4042882271472868 -0.4088127690871285 -0.45442385494226506 -0.47602282640664645 -99.0 -99.0 -99.0 -99.0
-0.1513940546587083 -0.37318735432003547 -0.3373752975427042 -0.28106375718206233 -0.2296965758645189 -0.20500457817777545 -0.23944704551956356 -0.2501809457396754 -0.28205395821870527 -0.2839217807644498 -0.3340656026146322 -0.4034455648004978 -0.4528656616717573 -99.0 -99.0 -99.0 -99.0 -99.0 -99.0 -99.0 -99.0 -99.0
-0.05236776362642947 -0.19098494118922912 -0.2504134470990898 -0.257558302595842 -0.25464895218691525 -0.21009633433031522 -0.1914619356322828 -0.19672190105931925 -0.17598461102729554 -0.17910259692045893 -0.2024208328269944 -0.22272889585244598 -0.22892820515182286 -0.23057839740059635 -0.24929538527559664 -99.0 -99.0 -99.0 -99.0 -99.0 -99.0 -99.0
0.06705208653430698 -0.23765218753031084 -0.24213296154613 -0.24253103243372123 -0.22778711143976077 -0.22864719060494643 -0.21274794377831646 -0.2871125887062053 -0.31967837241328756 -0.3359064876067093 -99.0 -99.0 -99.0 -99.0 -99.0 -99.0 -99.0 -99.0 -99.0 -99.0 -99.0 -99.0
-0.041023858332613294 -0.2210377384058212 -0.13049361351103517 -0.0646036993365359 -0.057803171951345364 -0.04289170035152967 -0.060486263938542235 -0.06653211867848657 -0.08085343858423404 -0.11320548513940808 -0.15154098474689695 -0.18173872687606385 -0.21007009749570438 -0.2230149805545807 -99.0 -99.0 -99.0 -99.0 -99.0 -99.0 -99.0 -99.0
0.03730926485910337 -0.08305968411788534 -0.17364170138998167 -0.20823660143861744 -0.2281581461429596 -0.24656159415750833 -0.2472474209965833 -0.25803664263822945 -0.29665555764119017 -0.30541332564059004 -0.31582138247090197 -0.32368942833359876 -0.34246310144721637 -0.36570040046082647 -0.3773709237575531 -0.37547477243781263 -0.4155867673925729 -0.43109223149311954 -0.45486866501671275 -0.4773099837464068 -0.48671111879004075 -0.49192934837331614
0.10420804384067746 -0.13376643944006025 -0.20189813662263986 -0.24036610948671142 -0.21702162167971137 -0.1909563230388238 -0.20075275631581996 -0.22753199579306893 -0.2646978268927111 -0.3090183670897819 -0.37213159261850365 -0.43408224081911684 -0.48247390666711715 -0.5043149669294743 -0.5242888988905764 -0.5773905594738393 -0.6206900897756609 -0.6530479244491791 -0.6989557053559178 -0.7486808380354397 -0.8113180086336517 -0.831447184085846
0.02482194766865545 -0.23079621218592275 -0.34418241963196405 -0.32523784052333743 -0.25732190386565595 -0.21276740626627494 -0.2366580235145779 -0.2801995632219188 -0.2970887125021739 -0.3132656147427676 -0.3418506548363629 -0.36774021944889296 -0.3955225321543733 -0.40806663823145994 -99.0 -99.0 -99.0 -99.0 -99.0 -99.0 -99.0 -99.0
0.11242464929819107 -0.017241675406694412 -0.11042794585227966 -0.15037858486175537 -99.0 -0.19304175674915314 -0.2298644483089447 -0.2596828043460846 -0.2826921343803406 -0.29038143157958984 -0.29476141929626465 -0.30917680263519287 -0.3198234438896179 -0.3266749382019043 -99.0 -0.32626813650131226 -0.33336466550827026 -0.3358742594718933 -0.3283870220184326 -0.32245072722435 -0.3381454050540924 -0.3335873782634735
-0.21410316738887422 -0.5029587714298855 -0.35720373182371584 -0.26841935880228707 -0.2262812413807782 -0.1764288616515122 -0.12156107997481203 -0.14262549800849506 -0.2529677159022539 -0.42298568072884785 -0.5219973807631715 -0.6082402229389559 -99.0 -99.0 -99.0 -99.0 -99.0 -99.0 -99.0 -99.0 -99.0 -99.0
-0.04332472074755833 -0.31675665807054243 -0.35599991470579195 -0.30655337184976644 -0.23030567282170725 -0.18465859060869863 -0.16020354761967237 -0.19123318403175713 -0.20454070557412446 -0.21938605674001008 -0.24419839823955142 -0.24832494590846416 -0.28607422261763726 -0.30066990709431757 -0.3054861055402911 -99.0 -99.0 -99.0 -99.0 -99.0 -99.0 -99.0
-0.11275238839503159 -0.22196940636171 -0.1689545364785616 -0.17747374266365049 -0.2001878705577021 -0.20989670447407857 -0.24930890707577097 -0.2712536985255125 -0.3166758399755027 -0.3704954056860591 -0.4093885104809473 -0.4427766842159205 -99.0 -99.0 -99.0 -99.0 -99.0 -99.0 -99.0 -99.0 -99.0 -99.0
-0.08807571462000972 -0.33841908061777254 -0.29699330263743473 -0.26220955328653006 -0.22805486628630747 -0.21976370242586665 -0.15369166730648848 -0.0971734894279805 -0.11920120528450401 -0.18816302914893665 -0.30440566433519645 -0.34645965799164014 -99.0 -99.0 -99.0 -99.0 -99.0 -99.0 -99.0 -99.0 -99.0 -99.0
-0.009398744990960852 -0.10947349561179348 -0.059881078488820204 -0.04614661675233176 -0.04273810057347085 -0.04822795643564823 -0.0852424820995749 -0.13195756027915664 -0.1905181369388188 -0.227551967594403 -0.2728408145507751 -0.30526545685845646 -0.32877896497620274 -0.35175947069149727 -0.3692316366480678 -99.0 -99.0 -99.0 -99.0 -99.0 -99.0 -99.0
0.11230813896611128 -0.2097358110504739 -0.28656853697695106 -0.26412567357422473 -0.23515874052343724 -0.21095531037476287 -0.20318169294952948 -0.2305182851464637 -0.25877855492952384 -0.272510384633128 -0.28443055174578935 -0.3074359417679905 -0.3280327257219466 -0.36502937038718647 -0.39095382028410613 -0.4380423442073645 -0.48604113539116933 -0.5243821312694295 -0.5160648146957184 -0.49072644114494324 -99.0 -99.0
0.2912432551383972 -99.0 0.12979139387607574 -0.003155515529215336 -99.0 -0.031124286353588104 -0.04579383507370949 -0.056991104036569595 -99.0 -0.06852905452251434 -0.08308122307062149 -99.0 -0.08387135714292526 -0.09455045312643051 -99.0 -0.10394333302974701 -0.11661584675312042 -0.12012004852294922 -99.0 -0.12416047602891922 -0.11434739083051682 -99.0
-0.15519298768047868 -0.46898990620431374 -0.3625111868575048 -0.28958388258619805 -0.2459921586179692 -0.20677166012349732 -0.24182550561978763 -0.293071164091697 -0.346167295445454 -99.0 -99.0 -99.0 -99.0 -99.0 -99.0 -99.0 -99.0 -99.0 -99.0 -99.0 -99.0 -99.0
-0.057503167241050576 -0.30747087988007066 -0.23770846410270746 -0.19892197089940808 -0.17251141916632334 -0.18561569692146332 -0.24428695063216674 -0.3134551660685276 -0.357688656463738 -0.3917622082633244 -0.4213679328287185 -99.0 -99.0 -99.0 -99.0 -99.0 -99.0 -99.0 -99.0 -99.0 -99.0 -99.0
0.16166884319437352 -0.09080347999174146 -0.24839982312179149 -0.2716626935189602 -0.24972711012442064 -0.24293479176433758 -0.21977562473227513 -0.20909922174231915 -0.21667507519060283 -0.2214063276741061 -0.24614019748746152 -0.2601918232785346 -0.24877853303103187 -0.22770568390825816 -0.20716441515116304 -0.20090873178516622 -0.2153728929399395 -0.2288464374840459 -0.22563483782245952 -0.2154390960931778 -99.0 -99.0
0.21508841489540875 -0.12234441686983215 -0.1749697475271068 -0.17220638405895236 -0.19924027240008935 -0.2147040877150828 -0.22075876657017673 -0.21978902199081973 -0.24082816130942802 -0.25830800744018767 -0.26055973662078624 -0.2393844824452387 -99.0 -99.0 -99.0 -99.0 -99.0 -99.0 -99.0 -99.0 -99.0 -99.0
-0.043967605390256806 -0.14612582194067444 -0.08325413557234279 -0.08410977219269908 -0.0975252565809327 -0.1378511687970775 -0.15198702474762113 -0.16153197914073625 -0.1565638314250262 -0.18079318334918357 -99.0 -99.0 -99.0 -99.0 -99.0 -99.0 -99.0 -99.0 -99.0 -99.0 -99.0 -99.0
0.089044755450191 0.12080370502101341 0.07430867129891675 0.06438391514283694 0.02500245964728424 -0.031791020357281055 -0.10137385204280823 -0.15045609158989195 -0.2066719782886147 -0.23691312247969729 -0.26891595055901896 -0.2938282628349521 -0.3054972985230288 -0.31353139977166933 -0.3334863236820628 -0.36335623130848693 -0.3827317846883551 -0.414506603343713 -0.4276720265745428 -0.4436805842735151 -0.47371238459191706 -0.5056310901452907
-0.00862721194176588 -0.33495787882063205 -0.3207136790692027 -0.2916077369711938 -0.2562851440851076 -0.21263033285206606 -0.1979823660930787 -0.24090695018624328 -0.30413586746707594 -0.3688963645139665 -0.41309707418037206 -0.47193260323962766 -0.5090768975574461 -0.5548345372061338 -0.5869407059278823 -0.6212308679915307 -0.6485653434285226 -0.6790442191435241 -99.0 -99.0 -99.0 -99.0
-0.28449911289714447 -0.3769569083902955 -0.21718571496589043 -0.14825502751678976 -0.136061995653435 -0.13724792360341473 -0.1474425419220193 -0.12935958907120249 -0.17106830441669726 -0.2554456074128657 -0.3644657546192849 -0.496848764683272 -0.5757331017766077 -99.0 -99.0 -99.0 -99.0 -99.0 -99.0 -99.0 -99.0 -99.0
-0.08662056301803091 -0.35646424929401077 -0.352553064246413 -0.30906200258851785 -0.2485688469344429 -0.2229371640362047 -0.231772364691919 -0.25855772735320426 -0.2671551350207081 -0.2378908882425185 -0.26308270956515445 -0.2922214489060884 -0.34444735784425556 -0.36447016400369114 -0.3634710485070251 -99.0 -99.0 -99.0 -99.0 -99.0 -99.0 -99.0
-0.020801080526624355 -0.2173756504417575 -0.24956891882706653 -0.20203303274074425 -0.1630679547176942 -0.1363418710573849 -0.1311227708383792 -0.16335732176360063 -0.20185290207547726 -0.21599009718828907 -0.2745330890712148 -0.3118113414479635 -0.34742914497078325 -0.3867689007516249 -0.40963523845199096 -0.4551513627931268 -0.5163384088542021 -0.552705654789734 -99.0 -99.0 -99.0 -99.0
0.058196755777776686 -0.050251852720975876 -0.031056317008910286 -0.051659049994622626 -0.07932543009519577 -0.10370771529558409 -0.1498967434710094 -0.17581056048479887 -0.2023002803325653 -0.2391151281792795 -0.27524936173884795 -0.32067859172821045 -0.3461147537497355 -0.41306337390120945 -0.4497242867946625 -0.5029652787955314 -0.5536820194686995 -0.6279978647015259 -0.6361528635025024 -0.7102195708339711 -0.7231030521607783 -0.7473925948143005
-0.054182398329413205 -0.20465776245196127 -0.17359458361297495 -0.1197744428549313 -0.09564162864388286 -0.1302041696806841 -0.11178633852005644 -0.11029559227872132 -0.12946193496440678 -0.15073505735145332 -0.13806943153855675 -0.16919951514052392 -99.0 -99.0 -99.0 -99.0 -99.0 -99.0 -99.0 -99.0 -99.0 -99.0
0.03077827420429489 -0.2256304309221786 -0.38003982684264737 -0.3312248795900953 -0.23485778307751384 -0.12433804122605265 -0.07149574171451192 -0.04770962785432795 -0.04763590616019536 -0.07067022893449726 -0.11662140008350606 -0.18884314716514758 -0.22094323565431284 -0.25212056911412317 -0.28133521211283835 -0.3087819347531906 -0.3316870615715063 -0.365453355858438 -0.3696136937410948 -0.37442338466644287 -99.0 -99.0
0.026969870877550355 -0.18715155762664326 -0.2656257686314964 -0.24437013483643508 -0.18564393756002573 -0.16902941290716153 -0.15280243531373666 -0.1826217432045036 -0.20712119699901005 -0.23621021144745435 -0.26166387970697574 -0.28184016650374827 -0.30284199851674687 -0.3120043211460487 -0.3392477607514048 -0.37194136086035223 -99.0 -99.0 -99.0 -99.0 -99.0 -99.0
0.0042784416534501196 -0.35158957264480756 -0.303449269851121 -0.2635285138424655 -0.26248122010328145 -0.26914089430197824 -0.23952879618813783 -0.22715458919970988 -0.22799253362781371 -0.23315247793210223 -0.2470401045103646 -99.0 -99.0 -99.0 -99.0 -99.0 -99.0 -99.0 -99.0 -99.0 -99.0 -99.0
0.13538349234500435 -0.028776993745000607 -0.11649208959850342 -0.22833049848516496 -0.2889844639584035 -0.31724437749928425 -0.31818333004155336 -0.31031143510114534 -0.29495599908063835 -0.28042289024767175 -0.2778875633756058 -0.2568280004184485 -0.2328590130850126 -0.24043439178216347 -0.23929332072226403 -0.2361959894581121 -0.24334528798696609 -0.2439344520946967 -0.24801558880045416 -0.2398033369640325 -0.2264427312175254 -0.22816306228166297
0.030313166316331904 -0.3261163467841607 -0.2399523471294274 -0.2350347819935741 -0.2107798521989826 -0.1881413720415826 -0.20134079129851692 -0.23129344948741887 -0.2932954650469274 -0.3306462423963077 -99.0 -99.0 -99.0 -99.0 -99.0 -99.0 -99.0 -99.0 -99.0 -99.0 -99.0 -99.0
0.10875060559169862 -0.12947410923572775 -0.23779277914075456 -0.277671980633173 -0.28936948369012855 -0.2700267460344609 -0.27103593553938504 -0.27591747997937704 -0.3040489012664823 -0.33176216184587776 -0.35209034121663013 -0.38137043276227783 -0.416709680264374 -0.45964731828775707 -0.48660845265133307 -0.4979010981313424 -0.5413497167538159 -0.5551789705637722 -99.0 -99.0 -99.0 -99.0
-0.02829517468320392 -0.1603613417692353 -0.20548474264882752 -0.19589112083632731 -0.17257905843975452 -0.1588938655294752 -0.19066892419708067 -0.1956265497928353 -0.2056777360196216 -0.23078817270870552 -0.26353064377771573 -0.2894439323573763 -0.3079713518550162 -0.34948484569083466 -0.38238452431875347 -0.399011515322022 -0.42011762094211397 -99.0 -99.0 -99.0 -99.0 -99.0
-0.024708298966288567 -0.11519378635068397 -0.21810930967330933 -0.22118988633155823 -0.24714064598083496 -0.27423744769602976 -0.29066774249076843 -0.2859886586666107 -0.27621015732026655 -0.2807648777961731 -0.28874310851097107 -0.30543292653462295 -0.31942012906074524 -0.3249734342098236 -0.3200751543045044 -0.3320937356747436 -0.349966824054718 -0.3662891685962677 -0.39343483672916685 -0.4312922954559326 -0.4611549973487854 -0.4869369387467604
0.1334057778203565 -0.028513593408129947 -0.07789821886287311 -0.11315248592097062 -0.17446068995375522 -0.2029912881511991 -0.2085723713992814 -0.21447781611612562 -0.22915662525984556 -0.26528263115890144 -0.3045783263112364 -0.3140217833048389 -99.0 -99.0 -99.0 -99.0 -99.0 -99.0 -99.0 -99.0 -99.0 -99.0
-0.03255765621663217 -0.3248970642998425 -0.3427665809588777 -0.23961831147996268 -0.17841424362946162 -0.17681214574257353 -0.18587681689866936 -0.15338391223417716 -0.1623286107440583 -0.18486959881714005 -0.1824640550381503 -0.16402513968403393 -99.0 -99.0 -99.0 -99.0 -99.0 -99.0 -99.0 -99.0 -99.0 -99.0
0.0953044444322586 -0.06430835628468483 -0.20088739804885875 -0.2764030992984772 -0.2938341200351715 -0.29524885572418424 -0.29026627092470514 -0.2769189476966858 -0.2723172605037689 -0.2560428738301695 -0.25608810782432556 -0.2590176865009106 -0.26277652382850647 -0.2723634606869555 -0.26594871282577515 -0.2740611670894083 -0.2777938472407884 -0.28241175413131714 -0.30982614473195697 -0.30457404255867004 -0.3044222295284271 -0.31363760344054664
-0.045000125355875754 -0.26188789859609657 -0.2676131443906792 -0.2437358951159847 -0.22728876934396913 -0.17291347104101862 -0.16213982266254598 -0.20295635675903453 -0.20186695692374834 -0.23890522322551183 -0.29893009521765174 -0.36309724343317556 -0.40800407512869447 -0.4559816289047759 -0.4853912812086628 -0.5088125504697387 -0.5358593522485285 -0.62525110172763 -0.6403486193360817 -0.6758395433425903 -99.0 -99.0
-0.08330263425825345 -0.26849611684186736 -0.3217837508589017 -0.3505993987310977 -0.3467305929247522 -0.3402694897720091 -0.3022098398899162 -0.2678210440985473 -0.28474527438078695 -0.30923893486689263 -0.32202668669447176 -0.33680995115795614 -0.3467035018306713 -0.36640160960709167 -0.35079184846294004 -0.34875743485285055 -0.3680220084069826 -0.41049316641732986 -99.0 -99.0 -99.0 -99.0
0.02260295425508701 -0.24143925219218967 -0.2887668559675448 -0.27755677255314914 -0.2823989755373466 -0.27507576829579033 -0.26390932440741494 -0.2804114809132332 -0.30354720300878035 -0.31193720049895185 -0.30140902887437027 -0.3057834961823297 -99.0 -99.0 -99.0 -99.0 -99.0 -99.0 -99.0 -99.0 -99.0 -99.0
-0.09717907618952143 -0.3148257880232257 -0.23813730508313397 -0.18978298248682343 -0.16708631737339819 -0.18241423022991335 -0.24821790678651956 -0.3142885463288733 -0.35492554596959713 -0.3819461678882059 -0.44175150869508845 -0.4919017298311813 -0.5319058356237691 -0.6066556271212519 -99.0 -99.0 -99.0 -99.0 -99.0 -99.0 -99.0 -99.0
0.2008686661720276 -0.04761798204669283 -0.14512284100055695 -0.1450803279876709 -0.1525101512670517 -0.17329345644681027 -0.19447147846221924 -0.19539937376976013 -0.19306356889820656 -0.2018217295408249 -0.21370182931423187 -0.24726877976086364 -0.2620909810066223 -0.25745970010757446 -0.26573094725608826 -0.2756403874397695 -0.27650436758995056 -0.3182465732097626 -0.3463699423001441 -0.35373279452323914 -0.373921275138855 -0.37765557829759044
-0.011216419824017483 -0.2575834635158132 -0.2928301644223479 -0.2370762869900553 -0.20548654073013983 -0.21067322642151287 -0.24085523302523176 -0.2126814751578641 -0.21732902812423796 -0.2331644982406612 -0.2404970975090618 -0.22308869288464764 -99.0 -99.0 -99.0 -99.0 -99.0 -99.0 -99.0 -99.0 -99.0 -99.0
-0.10302418394918635 -0.34384916690582745 -0.43381576467141303 -0.4588757669629008 -0.4456912635601131 -0.41978569708343944 -0.40016086601587875 -0.38433357721234523 -0.36805437139706937 -0.31332438482929936 -0.31184872849948553 -0.3665574197378845 -0.3620188529942845 -0.375667333336574 -0.3962628748172156 -0.43248096049364954 -0.4487417193063757 -0.47933327643261553 -0.48941904641296263 -0.5108159814571577 -0.5178878527402679 -0.5399804028597351
0.16989947634710978 -0.06326623279415837 -0.12401463723401042 -0.13114721548430552 -0.11740049160979366 -0.14406447426741242 -0.19412214639512948 -0.20738138439625275 -0.2250742071400438 -0.2680419889362449 -0.311365533410254 -0.3394135037619559 -0.3884707752437098 -0.47160733281887735 -0.5655032431225118 -0.6679216982270502 -0.7297352966572165 -0.7952474769110208 -0.838481731766136 -0.8370728492736816 -99.0 -99.0
0.13294865190982819 0.05477166920900345 -0.017725661396980286 -0.06462439149618149 -0.10910340398550034 -0.12440722364493466 -0.14431864023208618 -0.1547641158103943 -0.1752299815416336 -0.19794128835201263 -0.23927602171897888 -0.2701462209224701 -0.3199876844882965 -0.3632737398147583 -0.3970610797405243 -0.4426784117103177 -0.496757835149765 -0.5313202738761902 -0.551333487033844 -0.5647650361061096 -0.5692518353462219 -0.5770394802093506
0.1574270535075673 -0.0765659773973439 -0.1479406206615081 -0.1586792189298397 -0.12878437115216596 -0.13326212003309099 -0.15711865482352422 -0.17362163425345545 -0.19136929633290287 -0.19350898073906556 -0.19475310795477233 -0.1983581523237061 -99.0 -99.0 -99.0 -99.0 -99.0 -99.0 -99.0 -99.0 -99.0 -99.0
-0.04038617083221798 -0.33995283878075266 -0.3020394547700285 -0.26265611916167364 -0.23916165686955482 -0.15994735363630985 -0.13147786972345096 -0.20885329909731154 -0.2987211377812473 -0.3717094603586909 -0.43486409586992186 -0.5099091614133164 -0.5661712302363586 -0.6184594926553693 -0.6792693849842478 -0.7390555715250853 -0.8021594736237717 -99.0 -99.0 -99.0 -99.0 -99.0
0.08663810789585114 -99.0 -0.027935560792684555 -0.09830290079116821 -99.0 -0.0805591270327568 -0.08883567154407501 -0.0939931645989418 -99.0 -0.12980160117149353 -0.17224392294883728 -99.0 -0.14064404368400574 -0.17903047800064087 -99.0 -0.2442614734172821 -0.2540673315525055 -0.25321879982948303 -99.0 -0.24191154539585114 -0.24435468018054962 -99.0
0.20925410091876984 -0.0371405427437611 -0.2008264809846878 -0.2047252207994461 -0.22684945166110992 -0.25717953080130657 -0.26177066564559937 -0.28665217757225037 -0.3261687581647887 -0.3507154881954193 -0.37013620138168335 -0.40554341204726047 -0.4510394334793091 -0.47222068905830383 -0.48370200395584106 -0.514162838716814 -0.5319807529449463 -0.5486268401145935 -0.582183361114436 -0.5629420876502991 -0.5859923362731934 -0.6039900805395418
0.006653290599175212 -0.1714850863222367 -0.2046532990962906 -0.21643393168596434 -0.21808427305021477 -0.21468430606563146 -0.21460625564853017 -0.2133616077642861 -0.21326994217370238 -0.25528668299032314 -0.2836196996782552 -0.35636207901554384 -0.40846203656727337 -0.44235017160985507 -0.49584097706202906 -99.0 -99.0 -99.0 -99.0 -99.0 -99.0 -99.0
