col0 col1 col2 col3 col4 col5 col6 col7 col8 col9 col10 col11 col12 col13 col14 col15 col16 col17 col18 col19 col20 col21
0.6126209769619494 0.520388368967597 0.3760461464630338 0.2584630427246473 0.20777502498840852 0.17554054200279987 0.15703625378644617 0.14293043010076958 0.13850429556422073 0.1334534631736013 0.11095460199268611 0.10791179624738598 0.07294436991141996 0.0952289644318868 0.08919404572508108 0.09875803439495415 0.13069918364253397 0.12986530509794125 0.14599506363519604 0.14298807089527027 0.15468887591855554 0.14444441853032622
0.31624188076646986 0.23661771447872892 0.17538071814091138 0.1750242132024797 0.18120424005066088 0.17170546360075248 0.13527736399870186 0.1043977281439981 0.0581564737398913 -0.009448577041112448 -0.06404336952187474 -0.08958784347490588 -0.11131397852527627 -0.14210738166627493 -0.20709268711306786 -0.2137063563871477 -99.0 -99.0 -99.0 -99.0 -99.0 -99.0
-99.0 -99.0 -99.0 -99.0 -99.0 -99.0 -99.0 -99.0 -99.0 -99.0 -99.0 -99.0 -99.0 -99.0 -99.0 -99.0 -99.0 -99.0 -99.0 -99.0 -99.0 -99.0
0.6425909857634674 0.38724307925957907 0.29192279793516845 0.22710816503301273 0.16038498281619842 0.10242086093231088 0.0636529330554105 0.03802181188209012 -0.016099963007933895 -0.07277923128092764 -99.0 -99.0 -99.0 -99.0 -99.0 -99.0 -99.0 -99.0 -99.0 -99.0 -99.0 -99.0
0.48256510011791104 0.39716674393337653 0.26705695396925744 0.22080348467900449 0.18876218050778262 0.1727969391866191 0.1305468804526309 0.1010757740128356 0.08588815526903276 0.08546559712990945 0.07613217825565284 0.06603475586387064 0.04873566484719734 0.03576068077711885 0.02195646614121053 0.02393958025129914 0.015228061462016612 0.013311725691069368 -0.01964168079054371 -0.043346986522696064 -99.0 -99.0
0.6144798981240684 0.48200715800072474 0.36502864655531886 0.2579554156416196 0.2304317882635806 0.20497441168925112 0.14382686784130916 0.0561464116777452 -0.012277961296504708 -0.01907297214042727 -0.03233597114806753 -99.0 -99.0 -99.0 -99.0 -99.0 -99.0 -99.0 -99.0 -99.0 -99.0 -99.0
-99.0 0.3124404857898286 0.2988945510225645 0.29742096350245234 0.26309426363663074 0.2093690383135137 0.14732843064965964 0.09430073357082276 0.04761291756819334 0.013276152010070456 -0.012525673597930513 -99.0 -99.0 -99.0 -99.0 -99.0 -99.0 -99.0 -99.0 -99.0 -99.0 -99.0
0.5972820004461814 0.45963365935114847 0.19899361653869532 0.18457810930584423 0.16633731251312353 0.15771706575768243 0.13112695832080543 0.11978871005710032 0.10558037114096341 0.07720411258425841 0.05350996475736106 0.0494772410640626 -99.0 -99.0 -99.0 -99.0 -99.0 -99.0 -99.0 -99.0 -99.0 -99.0
0.5920542573710981 0.45491375122206884 0.29375000499124315 0.2238198531995467 0.19693014704747985 0.1843495033278744 0.19756358455010656 0.19577946109743646 0.1805212029056149 0.1536801901144151 0.13968710632602568 0.1380400486445836 0.13646383730945721 0.12301187710429208 0.11775954437361462 0.09977158574451814 -99.0 -99.0 -99.0 -99.0 -99.0 -99.0
-99.0 0.4686493453857432 0.3158866892597764 0.3310702939222042 0.307689916467185 0.2923841213411274 0.25414106606535386 0.20638546166698093 0.17581629272211877 0.1451785258602343 0.11183070930785495 0.08957318094407803 -99.0 -99.0 -99.0 -99.0 -99.0 -99.0 -99.0 -99.0 -99.0 -99.0
-99.0 -0.04093066723667101 -0.03340829737815367 0.008812441247783917 0.03788570346275325 0.05702545910162388 0.05940526682363684 0.041446838154869194 0.019051647458592835 -0.015577330612182175 -0.024592977103448918 -0.03805925128718875 -0.05442025112519655 -0.06450536366017301 -0.0852305929392798 -0.08634142830965073 -0.11040381603748949 -0.1337051105251862 -99.0 -99.0 -99.0 -99.0
0.34695011887741894 0.23142881273996976 0.17910781396149728 0.10841960054946695 0.06821468670917985 0.03047523178176122 0.005130425406772247 -0.03143840769487346 -0.05722181607294714 -0.0783631587998076 -99.0 -99.0 -99.0 -99.0 -99.0 -99.0 -99.0 -99.0 -99.0 -99.0 -99.0 -99.0
0.45646848409305824 0.3085765187567499 0.2737321176996895 0.27049169057680666 0.24539796146423326 0.2046612545765651 0.15653039576711542 0.12895496990097047 0.1053446886299152 0.08301921403349877 0.07640055959341813 0.0732688388280554 0.057064845934682626 0.05694087809274603 0.040850688350953096 0.025736418107519653 0.009483956775187836 -0.006101109731216198 0.0037737002883391204 0.0023728586761820017 -0.017142835763856057 -0.05250457422649979
0.6058865554200198 0.5963475748777922 0.5712563232561013 0.49026060442569325 0.4365599129965458 0.3114406902002807 0.25283639650426126 0.24684358756562763 0.2191364467122926 0.1900287470471116 0.2065407808791708 0.19809923504049043 0.19850328330079564 0.1829088294824817 0.17350275050390632 0.16638926780662983 0.14969081793895014 0.1491565576009449 0.14699723778327672 0.13646583345198496 0.1407300911132794 0.12750245563279164
0.5022566263010066 0.45532293035652227 0.42567398611336954 0.37841284917247353 0.33341753146462894 0.28899018247431446 0.21105041865392277 0.1803127915662476 0.17024735489943446 0.1751187427025858 0.17840772192256393 0.15520098659664872 0.14316013823766155 0.12275325386429572 0.1112819617111663 0.0935584668969428 0.07259744760754215 0.0332231005987789 -99.0 -99.0 -99.0 -99.0
0.4624010572966931 0.23829829909792616 0.27473287657641493 0.29210789505366297 0.2727861719436502 0.25294160476152444 0.20580006512162988 0.17396019523778702 0.13118302077068963 0.10401972139588889 0.09351305059117948 0.054179505503275396 0.010430560267773113 -0.027168918740423605 -0.05975041308647345 -99.0 -99.0 -99.0 -99.0 -99.0 -99.0 -99.0
-99.0 0.2186853531897405 0.17223012257435288 0.18508276597368958 0.22305094994869412 0.24812482674236083 0.24322258246007084 0.15205718707132354 0.11234701127314224 0.0610070873844652 0.012777604164383975 -0.03631279741534931 -0.061089996147474845 -0.06385579882634691 -99.0 -99.0 -99.0 -99.0 -99.0 -99.0 -99.0 -99.0
-99.0 -99.0 0.10741008784640295 0.11781156106490254 0.13907745356496923 0.12194302551655563 0.05987374920516972 -0.022326772530156448 -0.05751498066503422 -0.09504855759448877 -0.1458041746367987 -0.1834798856393336 -0.23408013496099847 -0.25981368331969074 -99.0 -99.0 -99.0 -99.0 -99.0 -99.0 -99.0 -99.0
-99.0 -99.0 -99.0 -99.0 -99.0 -0.04193739193472684 -0.05262971365258168 -0.04821102613911088 -0.04918001214656122 -0.0597397939319109 -0.06578610772623933 -0.0611122524044788 -0.040480073873292576 -0.014470689921852457 -0.00064350102188186 -0.02648697513254987 -0.06861300543021288 -0.07578757034429669 -0.10135955731694338 -0.10309435971496633 -0.08243571754410524 -0.10011884067723967
0.49116857197687913 0.43142055489218684 0.38527026399505837 0.3289467295825564 0.27276023241117514 0.2110712484294143 0.15194417287319437 0.11328083054033945 0.07421258692192899 0.014014854215076972 -0.04579307078213002 -0.06310447609902149 -0.07494948081610095 -0.0933532569464637 -0.10247351451759629 -0.11039286779781327 -0.1343072914282464 -0.15119776405684818 -0.21080362890601817 -0.23486009714536724 -0.23320252668711974 -0.339857427209174
0.6398266892145986 0.44347945923506316 0.2781895963005954 0.25313145459586484 0.2331581021740782 0.2055375943931977 0.19180543524732885 0.18973999131045183 0.18634430541585897 0.17876011498165081 0.16705115337514326 0.16919007333473016 0.16989101144388424 0.15898516950667552 0.1549609587683537 0.10160672235448055 0.09421260224401402 0.07672923053753092 0.06291575302625481 0.10215420435286643 0.06014788656689805 0.04294922216243503
0.48174182834022494 0.41232499541834117 0.3411003836779283 0.2524350234384162 0.20081210765972957 0.140406754296821 0.10265044968371298 0.08894615662911157 0.055476031988689 0.043232735529196445 0.021534318704779235 0.020750072929243826 0.016514554992307966 0.01945180416842758 0.01908921154303405 0.02149878265492523 0.013291589388082982 0.003166675005348551 -0.003188683136469868 -0.01658763876888411 -0.017868263147649253 -0.027377510105347152
-99.0 -99.0 -99.0 -99.0 -99.0 -99.0 0.12386403978224832 0.12294577614291523 0.1291495914830259 0.13397668026887494 0.14109919312474825 0.14638927083287046 0.1387749268832248 0.11718514451795224 0.09212822244129747 0.08305845919287153 0.04220942675437981 0.015487506215540419 -0.017183216727766255 -0.06356958988132205 -0.07864028557848092 -0.11041040587516035
-99.0 0.321224971087032 0.3410079312356283 0.3160912761600412 0.2729833198439424 0.22631748989380523 0.18007420529341883 0.1513652632349256 0.11220652266038304 0.054786170252565256 0.03347247240241964 0.028288275024062396 -99.0 -99.0 -99.0 -99.0 -99.0 -99.0 -99.0 -99.0 -99.0 -99.0
0.39657739688395555 0.26087108197390646 0.21624166441987924 0.20812980886507745 0.2113730541714304 0.2154171346260729 0.18654123839681183 0.1544130724089132 0.12850830537679758 0.1206042734870935 0.10901873636260007 0.09255936056167964 0.06952935325686864 0.05651909641668957 0.03905199121681329 0.018086567054705474 -0.006076476957871004 -0.009569739512786833 -0.021183897418448328 -0.019636024105281286 -0.0451541209390765 -0.020220290717298712
0.41330202533860494 0.2687761608865801 0.2036542247376263 0.17510711543267815 0.16057013088454536 0.13478392374446788 0.12385593721903508 0.08452711993332905 0.054747021128998485 0.043988860899249645 0.031592725912109196 0.020635685892482172 0.028226392424611595 0.017200236073636216 -99.0 -99.0 -99.0 -99.0 -99.0 -99.0 -99.0 -99.0
-99.0 -99.0 -99.0 0.293169833246673 0.2924218057094408 0.2971994331703757 0.2990840034057453 0.27274350701290795 0.25316654984104947 0.22930206022219804 0.17578710793125027 0.14423756440789795 0.09925278329910904 0.057584189447429476 0.03608265376653404 0.011904994366377934 0.002211817908866248 0.020618883403458875 -99.0 -99.0 -99.0 -99.0
0.4747707463246144 0.3851993388304256 0.3359315589791206 0.2827956841967915 0.23472544962360656 0.16892060064348918 0.10312057843033945 0.07560395411282485 0.05523003737416242 0.011209187138382764 -99.0 -99.0 -99.0 -99.0 -99.0 -99.0 -99.0 -99.0 -99.0 -99.0 -99.0 -99.0
-99.0 0.058001860621919345 0.033884945042521555 0.07687798579033137 0.08125100830927194 0.06964232054745201 0.04034261171283755 0.012897166588114593 -0.02244795510829077 -0.07569644848912238 -0.10893344951477485 -0.12209390056928132 -0.10532056084737232 -0.11146611426256917 -0.12088497498791248 -99.0 -99.0 -99.0 -99.0 -99.0 -99.0 -99.0
0.36278708154933376 0.32465476271027527 0.2947281649650643 0.22747427102957907 0.20030841417403897 0.17048716055552826 0.14032102698459914 0.10875331139957455 0.07929729757204267 0.06187210819466107 0.028675816749188142 0.00798908667585742 0.005488158136822221 0.0007371398561756386 -0.0065064608407431335 -0.011790777527788262 -0.03511908141721948 -0.05616792800150454 -0.0657752347516906 -0.07795072479345047 -0.078989518200467 -0.06761146735833379
0.5076015306376729 0.3521858096267591 0.20272622189795023 0.2001356868960645 0.1816104038992735 0.14672990225957386 0.1078947241788957 0.08629777566911703 0.07130417592284986 0.044402351663044515 -99.0 -99.0 -99.0 -99.0 -99.0 -99.0 -99.0 -99.0 -99.0 -99.0 -99.0 -99.0
0.613791994582091 0.5408108935200555 0.4249697862716383 0.35705483068997246 0.3335156230639177 0.31383935512436945 0.27104495504271486 0.26357882931590043 0.2653059593621772 0.2625398943422321 0.2517694710220845 0.2308113609737778 0.22094237031406838 0.2065006565416307 0.19486475868235303 0.2032093828581626 0.19210033638690843 0.17483324281757334 0.17178692566465684 0.16870203005602272 0.14705285360021042 0.11800221320427753
0.5241147181736177 0.37584449165322037 0.33225905930656435 0.2952527915705644 0.26733789098178173 0.20919301029243786 0.1404831267974256 0.10524182916351656 0.06441520665233837 0.016183323035529978 -0.023333940970385752 -0.0615000255664045 -99.0 -99.0 -99.0 -99.0 -99.0 -99.0 -99.0 -99.0 -99.0 -99.0
0.46986558531974326 0.46155203395258965 0.29311493800436283 0.1871107285113214 0.1779032164923647 0.166246211921481 0.1751212015443389 0.15342845462273286 0.12713732972195577 0.11299083580816886 0.08967478479097987 0.07683783679378478 -99.0 -99.0 -99.0 -99.0 -99.0 -99.0 -99.0 -99.0 -99.0 -99.0
0.5266995494441236 0.3771512575263106 0.29888946693753654 0.22210358482837192 0.18561146131646558 0.15128745233958607 0.09122910779883653 0.04409052353191987 0.010502298230373797 -0.025500073677673436 -0.02828213757943678 -99.0 -99.0 -99.0 -99.0 -99.0 -99.0 -99.0 -99.0 -99.0 -99.0 -99.0
0.40432657351675655 0.26756632004168446 0.21096983698518493 0.15946226836283217 0.12575235650316718 0.0840127288596691 0.05297903758066098 0.039181633559888976 0.018233802989704576 -0.008120286443917388 -0.035010971499722175 -0.0766890128307715 -0.09897364286356784 -0.10542122127135511 -99.0 -99.0 -99.0 -99.0 -99.0 -99.0 -99.0 -99.0
0.37143067055299456 0.21926275605997847 0.21152408918825663 0.19915109314997456 0.17815179443575357 0.157118455245167 0.0999638700542932 0.05272798022169841 0.010071309075422835 -0.016165725838880606 -99.0 -99.0 -99.0 -99.0 -99.0 -99.0 -99.0 -99.0 -99.0 -99.0 -99.0 -99.0
0.39948718837750885 0.2536220048279275 0.21327794997753405 0.17727844262047102 0.17731574082413992 0.1323769631496832 0.10847692301508936 0.10791099303614465 0.0742581605090449 0.052859652593424226 0.03815296179827591 -99.0 -99.0 -99.0 -99.0 -99.0 -99.0 -99.0 -99.0 -99.0 -99.0 -99.0
0.4868475543351017 0.45554580515708015 0.4054672781561264 0.36430355350875226 0.33951775627974506 0.3258404124892398 0.29750447728289997 0.29286719739884376 0.2777450945529559 0.2535709022190065 0.252153705103921 0.23063070310378783 0.21636544324282989 0.1960069597030762 0.1703256772477788 0.18186861651788364 0.1583449971550593 0.16423791269247748 -99.0 0.10085969613287851 -99.0 -99.0
0.4247178344055833 0.2801266984013389 0.3075260662738385 0.30836169191269 0.26993075698198504 0.21640603007819445 0.16545039146543986 0.10679218325679987 0.05642851132358766 0.03288034407750106 -0.005335747385750039 -0.040290707063962566 -99.0 -99.0 -99.0 -99.0 -99.0 -99.0 -99.0 -99.0 -99.0 -99.0
-99.0 0.17380091216686427 0.16799219763361417 0.1895974201530973 0.19803823218903097 0.19028200298825554 0.18882950955943884 0.1656363370785597 0.12679993050571342 0.03102409999122267 -0.020755907089679688 -0.09665228286106148 -0.14875286609080324 -0.18826415912680222 -0.2412652942346469 0.09845574877779653 -99.0 -99.0 -99.0 -99.0 -99.0 -99.0
0.5930262967024474 0.5915293196645323 0.49259980000755504 0.32778237876494826 0.2628984767708299 0.22010088391716182 0.21322368353743285 0.20621495509719498 0.21444787453986114 0.20961114926594412 0.191348241802421 0.19800873283417636 0.18069462953652193 0.15939913973850367 0.14567792530176366 0.1314959955309589 0.1199615023029889 0.119451120950545 -99.0 -99.0 -99.0 -99.0
0.6268156218366583 0.57566545799835 0.42466457086018583 0.35262200349964934 0.32986724452421157 0.29676329334465507 0.23098546553609847 0.19223265786999316 0.13459326048338294 0.07632392744684129 0.06087299197105085 0.04625566962714932 0.01045570035023071 -0.05527148803782854 -0.08863245606383553 -0.1426099835601489 -99.0 -99.0 -99.0 -99.0 -99.0 -99.0
0.46176813306640285 0.301341884042884 0.22096680753901643 0.1440394283173689 0.07305674165817798 0.048375403534082546 0.01930597741688928 -0.016947955565747037 -0.03785661040802613 -0.05416452844627371 -0.1167193361967778 -0.20484667799002315 -0.2669814541140449 -0.2925840956049703 -0.31451705720422884 -0.32350878370195885 -99.0 -99.0 -99.0 -99.0 -99.0 -99.0
-99.0 -99.0 0.14359301919331754 0.12762295250834593 0.1018785845945594 0.054328304086943564 0.04063219863284376 -0.007643652545092131 -0.05904928598819906 -0.10013462269017799 -0.13844054729347313 -0.20246802962909297 -0.22724048037491895 -0.23568411117501598 -0.2514447150653692 -0.2595064586909529 -0.25395733502517676 0.1986789627236859 -99.0 -99.0 -99.0 -99.0
-99.0 -99.0 -99.0 -99.0 -99.0 0.5740436417479926 -99.0 -99.0 -99.0 -99.0 -99.0 -99.0 -99.0 -99.0 -99.0 0.36571832515268476 -99.0 -99.0 -99.0 -99.0 -99.0 -99.0
0.47850921718153966 0.2808243106831378 0.26391384237420523 0.22916652216388003 0.17858478756738486 0.10838958366769204 0.0727404262762916 0.026737494874559283 -0.011248729473356556 -0.03596069206139437 -0.05528283116218789 -0.05336685797173337 -0.0664826622315865 -0.08732061902015345 -0.10796633809999823 -99.0 -99.0 -99.0 -99.0 -99.0 -99.0 -99.0
0.6385222802237853 0.33469966607670915 0.2070281561164613 0.17357298362090842 0.14445543534177593 0.13093820277113094 0.09313708300442006 0.06893668255766884 0.039172840944985986 0.006143501888192031 -0.023033921743666114 -0.05899987835032551 -0.06062430807739763 -99.0 -99.0 -99.0 -99.0 -99.0 -99.0 -99.0 -99.0 -99.0
0.5652768500220834 0.49232640277453166 0.4024957882542164 0.2991107664483574 0.2552099856853961 0.2150783671954838 0.1706353579937832 0.14315245716369882 0.14745612393000673 0.15184832355169942 0.11856579852335442 0.083590848696355 -99.0 -99.0 -99.0 -99.0 -99.0 -99.0 -99.0 -99.0 -99.0 -99.0
0.6168772559429786 -99.0 0.506685907909295 0.4248387372311281 -99.0 0.3666245761957394 0.286844888701101 0.25156110056473163 -99.0 0.24117029918706454 0.23243408566309245 -99.0 0.22141460560757345 0.20932933044020546 -99.0 0.19961468999461224 0.18524153126028103 0.1818973704048438 -99.0 0.17447780087854395 0.16725880717466113 -99.0
-99.0 0.17923314016311834 0.08687405183134397 0.08908917316658725 0.09704308143656389 0.08460538223941158 0.03873942007018123 0.0067204006581314014 -0.035998881357494614 -0.0715909744346351 -0.07822830847968681 -99.0 -99.0 -99.0 -99.0 -99.0 -99.0 -99.0 -99.0 -99.0 -99.0 -99.0
0.49047118310306664 0.4155032125097515 0.3501126483825253 0.27311789733519937 0.24341096400181894 0.2261086100789614 0.21518464849493982 0.20443479377485987 0.1956071865475226 0.17679647324302164 0.1530347765003611 0.14010898233129546 0.12326329472720701 0.10258040116506077 0.07141621867919039 0.05318314592399574 0.03243711383980155 0.021175454576898095 -0.005492068706067166 -0.008872209779304436 -0.01176384032261152 -0.017293947751871232
0.4805442515976015 0.23053906585314626 0.17180718902305886 0.15229438919485566 0.1362459497357508 0.09720994910749035 0.07532211681664558 0.05784249856975608 0.0458664618055012 0.04144917114764193 0.01687793897058918 -0.022576582244647418 -0.06388686824459393 -0.08623031088097317 -99.0 -99.0 -99.0 -99.0 -99.0 -99.0 -99.0 -99.0
0.3100920093191085 0.04981093570902047 0.09425909148288061 0.18248779306825896 0.21226178569450424 0.1593249366415285 0.07540342933641457 -0.00211767684791747 -0.04812411011053618 -0.08270517043205573 -0.11443502624532487 -0.19283231350322333 -0.22854062083963264 -0.2540961790509966 -0.26082001766442764 -0.26114093792164295 -0.21367782139982572 -99.0 -99.0 -99.0 -99.0 -99.0
-99.0 -99.0 -99.0 0.3792923314709694 0.22366617655400714 0.21426927132378076 0.20797092277053672 0.1780791637706032 0.1419581154126156 0.10367446511713661 0.05931933305551925 0.06222462470081433 0.04471180048051524 0.0283533053986756 -0.0113085261693041 -0.020474104422608073 -0.006523503325803102 -0.041927016563066 -99.0 -99.0 -99.0 -99.0
0.37142023460399864 0.347626612971819 0.31157599395771124 0.3199848341146124 0.30107453194460226 0.27038596864638076 0.22336699484042527 0.1796603569884406 0.1524255391506621 0.13929742421579971 0.0968347488220423 0.05715317380506681 0.034082639325279364 0.017346093633655284 -99.0 -99.0 -99.0 -99.0 -99.0 -99.0 -99.0 -99.0
0.6661366790102493 0.3962157468959463 0.38054633131667825 0.35530138032232106 0.31385441355331645 0.29100246178332906 0.24130988821846733 0.1792564655821259 0.14297182715937531 0.12736607711891512 0.07467028797838086 0.01740154077087338 -0.005144415563647261 0.0006585619479996308 -99.0 -99.0 -99.0 -99.0 -99.0 -99.0 -99.0 -99.0
-99.0 -99.0 0.45458719284980353 0.16781212058265604 0.1371739057490558 0.14577638846550803 0.14499551225740198 0.12913829060585755 0.11812237083356192 0.1183877655001295 0.13127357136837295 0.1275527398887231 0.11294310991426462 0.09578177379185594 0.08801876255186515 0.09560264456270685 0.09246721414694617 0.07745149887641943 -99.0 -99.0 -99.0 -99.0
0.4562023488111642 0.3850004164826934 0.23498428422614287 0.1702723052303779 -99.0 0.11961776615572729 0.09671034997626227 0.06332416880292958 0.05204229818078961 0.03700147948917451 0.03182485864991912 0.02330155457584675 0.02403019163459353 0.0202648168480414 -99.0 0.012730733966945596 -0.004908026002329151 -0.009443812406486235 -0.03348722967772288 -0.028518102107115605 -0.05104661335177209 -0.0500029767860399
0.5008921994671748 0.34513707699358553 0.09835361866255869 0.061315806929844965 0.04933202822791519 0.032309414931980626 0.008798234191683619 -0.01524923190379106 -0.028733601562590208 -0.05029358326287282 -0.07471385209819675 -0.08037159418669179 -0.08308002650819037 -0.08141942421533827 -0.08318688547228015 -0.1160828678296383 -0.14163464775009807 -0.14513066416829432 -0.17415529768487928 -0.1809274287694338 -99.0 -0.2063064737107608
0.4746123918001919 0.3793140627254836 0.24144937397988916 0.22674723319453935 0.22997863062118054 0.23280520756671239 0.22542525154158058 0.2002166026662873 0.1652120518841789 0.1407910449490821 0.0963089441546379 0.07615312820327241 0.036897560725975366 0.018078962865114075 -0.0064654575109935695 -0.02918952467737237 -0.05409262175717262 -0.0734577026126674 -0.08476796069531461 -0.10555801621161758 -0.11520137508731121 -0.12390851630741034
-99.0 -99.0 -0.041232786678924244 -0.011561168432691069 0.006547379205179548 0.010870024107638172 -0.03150375832819811 -0.08792696881683934 -0.13128597645827725 -0.17965925596581614 -0.21544912270008465 -0.23281128583855298 -0.24247000903429955 -0.2729482331334941 -0.293514955381888 -0.31689625872401467 -99.0 -99.0 -99.0 -99.0 -99.0 -99.0
0.4234185829790861 0.28277742873004563 0.20234038875700555 0.10170037374125862 0.07486520883655085 0.05173731652980302 0.034047489527404225 0.037926560473642526 0.0013116339255638202 -0.05993669996560355 -0.08276876214033807 -0.07501274164241474 -0.03804681788621607 -99.0 -99.0 -99.0 -99.0 -99.0 -99.0 -99.0 -99.0 -99.0
0.41008875716526877 0.24558398915253044 0.2149954311197019 0.22261599955872288 0.20465302463314744 0.190325029407066 0.17050573360994534 0.14095428722043662 0.11901547005934984 0.09064833604544738 0.06518159584774848 0.033775145978051 0.01832714134340727 -99.0 -99.0 -99.0 -99.0 -99.0 -99.0 -99.0 -99.0 -99.0
0.5868248398156831 0.4668266742378574 0.3961257876221321 0.3460422205895428 0.29478757351832224 0.21656043353086507 0.16268003755100163 0.14061558694736495 0.10924249622758396 0.08682984968356736 0.06364368629212488 0.06165281073312891 0.03289995689598735 0.011135849770154726 -0.040670935885860064 -0.04469827788377631 -0.0402999498706521 -0.054101550999083314 -0.0678127507975571 -0.07538673949977269 -0.07452930279412821 -0.0708398687192597
-99.0 -99.0 0.3905546440971455 0.35654100322449306 0.3522220110970089 0.3724817545210791 0.3591999037354216 0.31611584352768346 0.28690541282416565 0.26878570190526163 0.2516246694506256 0.198963320064521 0.17155774227936987 -99.0 -99.0 -99.0 -99.0 -99.0 -99.0 -99.0 -99.0 -99.0
0.4691652850632458 0.19335898746910554 0.14057002851695283 0.18432682600150854 0.188950271945268 0.1803689159620413 0.1376717960791293 0.08872961814245492 0.03914106542494202 -0.04331959222259684 -0.08165669021615281 -0.11507213382339264 -0.1444051779472696 -0.1554754479181042 -0.18091592989826608 -0.19460559754717055 -0.20668255673948885 -0.21794859648408102 -0.21119648148088957 -0.23502683361484683 -0.21896033002973714 -0.23141039442267433
0.37037274974501866 0.35274361698821666 0.26211259768907585 0.19777149913179937 0.1542029044365365 0.12660016462133938 0.07297175730871863 0.023561099440191646 0.010287464457681108 0.0011125926822696211 0.028339344095250667 0.02555690885322724 0.050244592927030644 0.030995288332787366 -0.024179411025786704 -0.021768241562502927 -0.04427028871928926 -99.0 -99.0 -99.0 -99.0 -99.0
0.4953293037476695 0.2897619596730465 0.2446242969776597 0.26266659277061966 0.2421328439609385 0.22615305824437276 0.22566193385925581 0.21987879679011751 0.20068341700776768 0.19181424833955024 0.17237402203010513 0.1588036498408233 0.14412731184445135 -99.0 -99.0 -99.0 -99.0 -99.0 -99.0 -99.0 -99.0 -99.0
0.5323706333308329 0.40828600577553104 0.3316760900569924 0.30098732678448403 0.2789734396327169 0.25598157065929655 0.22511297789184587 0.19615577433025438 0.15961442130316916 0.13956101248158778 0.13478004846126634 0.10684241433714141 0.06269261284701541 0.03159893363347031 0.043764979801265994 -0.02658385243174668 -0.06963403150251157 -0.09693036625673768 -0.09532562161118126 -0.1191282011047721 -0.17515602309369271 -0.14442101531813928
0.5582984298935992 0.40717401673373416 0.38341572332935 0.3448937101984753 0.30359799896225864 0.25532568001817246 0.21460168559991377 0.16434265881315965 0.1331502439750887 0.094863973128579 0.03384545500053182 -0.02378272765903236 -99.0 -99.0 -99.0 -99.0 -99.0 -99.0 -99.0 -99.0 -99.0 -99.0
0.42641437351111106 0.3309627287246091 0.2678513738627233 0.25338010111267406 0.2493257606741746 0.2302135550992226 0.18548071739532018 0.15858333251375512 0.1363120029012849 0.11356607909679685 0.046328227957310356 -0.013175224773281802 -0.08002541981886373 -0.1196156524462514 -0.1679873998347525 -0.17534802571687869 -0.21420828428465435 -0.24956687294662958 -0.2612661735947649 -0.24909661008791076 -99.0 -99.0
-99.0 -99.0 -99.0 -99.0 -99.0 0.13724033844128716 0.15607960705339605 0.13540719401448031 0.11950061509895256 0.1046833002826075 0.07103476452192363 0.04448594015619271 0.01551129595091409 -0.0020313243679107463 -0.020015098828254373 -0.05133356678589286 -0.09527137679547379 -0.09920733164189677 -0.13051206281223707 -0.15275188966867895 -0.18314964135180783 -0.21355845453648375
0.47020359424576474 0.3293643633031756 0.2602441236800083 0.2614354370015842 0.2635300914141896 0.2588857782167447 0.2490606124188545 0.22277437328381822 0.17168506188977775 0.11834387453251176 0.08858681139203266 0.06614676416764542 0.023156609955907417 -0.001358202430222712 -0.02033475075163711 -0.05217796535016486 -0.07107296535562226 -0.0733870251222413 -99.0 -99.0 -99.0 -0.15981694887666562
-99.0 -99.0 0.20066686654075144 0.15944552915269403 0.16757761070408816 0.15265990786892492 0.11938561536718773 0.09220157594718226 0.05325378784877064 0.037459656681472005 0.022076114427031012 0.017468427564742248 0.01743529803401685 -0.00341310971567666 -0.0239285290204473 -0.041434916923972456 -99.0 -99.0 -99.0 -99.0 -99.0 -99.0
-99.0 -99.0 0.2965274918578515 0.2517997194570288 0.24588369010758093 0.2266537457892853 0.18303230880968518 0.1383890806531533 0.11930844863259844 0.10179032072394587 0.09439557857570462 0.08779320485995222 0.04878705095125759 -0.012034552416824012 -99.0 -99.0 -99.0 -99.0 -99.0 -99.0 -99.0 -99.0
0.6905820484170139 0.5166034713311546 0.4141889621691838 0.3474230453557909 0.3011894853233019 0.23773561326988202 0.16506257301837915 0.09539621076869612 0.013017093962876355 -0.02626654040721776 -0.030696678841123082 -0.039045016315007626 -0.05839052003006926 -99.0 -99.0 -99.0 -99.0 -99.0 -99.0 -99.0 -99.0 -99.0
-99.0 -99.0 0.02901628368500177 0.1307352613661909 0.19036974676048388 0.18146792254993163 0.19019136986138432 0.1697061556631959 0.14217602073132246 0.12244267373743419 0.08128554825205164 0.019970845400779935 -0.032694314366692546 -0.02179985266288773 -0.023372538182452784 -0.04052725577254212 -0.07024240711377872 -0.10886263012773283 -99.0 -99.0 -99.0 -99.0
-99.0 -99.0 -99.0 -99.0 0.14965386126573005 0.10437896294679096 0.06023560384095054 0.07338219210874718 -0.002800949934368307 -0.0376271419095401 0.010997221241271624 0.008403881431917315 0.024585111433738333 -0.051304604031425026 -0.021618259161772523 -0.03103086955101499 -0.08875775205608338 -0.09423734709756096 -0.09171620297435118 -0.16879634581765882 -0.15503252500044287 -0.18030310973722394
0.6007727073060112 0.4367439313649556 0.2986647158030579 0.24954172918991183 0.2428107106206105 0.26155119910367025 0.24289433141774797 0.18916322544440026 0.12592456316222245 0.0865584817107759 0.04356038280198567 0.02150126096968366 0.004578909172865101 -0.010133051129037127 -0.025377821552506535 -0.04397475784673325 -0.07244602278614157 -99.0 -99.0 -99.0 -99.0 -99.0
0.4737000527532359 0.1968227746581771 0.10316913614846492 0.07672682944620451 0.0784636716825204 0.05376495619559312 0.04267713526680307 0.016622591816733586 -0.0033092300000252418 -0.05824790061890809 -0.10011949693816558 -99.0 -99.0 -99.0 -99.0 -99.0 -99.0 -99.0 -99.0 -99.0 -99.0 -99.0
0.32239839958819944 0.3148012745951357 0.3382401519558145 0.3616096513083036 0.3683396869293015 0.340016930283809 0.27496665309480334 0.22170943097576096 0.1846119632995928 0.13831151459657007 0.09034248234225259 0.053316137515979974 0.022833378301824823 -0.0017678653016824978 0.0038732767846229007 -0.0252323683454029 -0.05740542277756241 -0.06167378233457254 -99.0 -99.0 -99.0 -99.0
-99.0 -99.0 0.3248561622354245 0.3136832201176955 0.28006550747825965 0.2248167865427103 0.15050443276383685 0.10914001056764128 0.06097292905001947 0.0352596724553713 -0.031020312122755987 -0.09974092336701722 -0.13626255027925632 -99.0 -99.0 -99.0 -99.0 -99.0 -99.0 -99.0 -99.0 -99.0
0.46728896219869703 0.3233763070628723 0.22342917687306516 0.19797675852939536 0.18915942723956294 0.1941026738105005 0.17380234131397365 0.15079459179339702 0.15166684973604475 0.13239544660997082 0.10412012583023254 0.08205319700046533 0.0647746117036695 0.05903312844815287 0.039404642944555826 -99.0 -99.0 -99.0 -99.0 -99.0 -99.0 -99.0
0.7044700452092567 0.45995563853409366 0.34527577296844125 0.23550483588640975 0.15828448435170725 0.11654286992505442 0.09106129236803215 0.01288670345956139 -0.02292735341878386 -0.041518955780589346 -99.0 -99.0 -99.0 -99.0 -99.0 -99.0 -99.0 -99.0 -99.0 -99.0 -99.0 -99.0
0.6201563436312258 0.3754599398631864 0.3438093568616396 0.32717658755662155 0.29758795919534 0.2763744455401026 0.252041918311582 0.24763196275458638 0.23209656652118804 0.20329207811997768 0.173961432590713 0.14651984303867102 0.12869613512559952 0.11695926773165219 -99.0 -99.0 -99.0 -99.0 -99.0 -99.0 -99.0 -99.0
0.3689033778511077 0.32066784315062524 0.20950722313300682 0.1604341419994025 0.12584413838276148 0.10422842952761659 0.09327548304291886 0.07493309574447059 0.027780393562414116 0.010691466696542026 -0.004719625845290046 -0.01968252772025539 -0.039325175293164344 -0.06964044852040413 -0.08545607873878398 -0.0809800094583964 -0.12096274584940919 -0.13503720528927127 -0.1592972012733781 -0.1833687726289935 -0.18803802921607304 -0.1883107701717184
0.4138796279710054 0.31195360402032585 0.20933454256102593 0.15214607492779308 0.12034979189662368 0.10640920597203588 0.07905934929769466 0.05299209061945823 0.011246993467146884 -0.03954465497496914 -0.09224104526961491 -0.15520793862250043 -0.20414971295800663 -0.25225219241189556 -0.2231648711127043 -0.1672420259596865 -99.0 -99.0 -99.0 -99.0 -99.0 -99.0
0.40354971981424576 0.2079294840417448 0.0729906712006987 0.06502667599399133 0.1045220782709526 0.11144809356845951 0.07635255496725718 0.029997950338907092 0.009676667913290315 -0.013749552134735023 -0.04532781689970127 -0.07880754367930137 -0.10516906011889739 -0.11699743065293154 -99.0 -99.0 -99.0 -99.0 -99.0 -99.0 -99.0 -99.0
-99.0 -99.0 -99.0 -99.0 -99.0 0.3771993115454153 0.3623908884963955 0.33855172133072836 0.28801704878421347 0.25271354784953587 0.20789870914926875 0.14546510663685733 0.09270466201625224 0.05947237044806485 -99.0 0.02000037069131609 0.008148126468571758 -0.0034782169460992217 -0.016864163301544933 -0.02180508434307367 -0.03021488912829722 -0.03508197704078227
-99.0 0.22385375364409377 0.19107599610882242 0.1877410650646089 0.18098070776490807 0.19176429498410427 0.20252865326481403 0.1581122998949825 0.058190132523408884 -0.09586780884926081 -0.18209464589256105 -0.2719811468209519 -99.0 -99.0 -99.0 -99.0 -99.0 -99.0 -99.0 -99.0 -99.0 -99.0
-99.0 -99.0 0.3768024506260469 0.3751172474358124 0.38330799606581084 0.35543635926300066 0.30118026981373436 0.22517630926038373 0.16009945128804842 0.10830202383504563 0.07334166216159882 0.055814451134808776 0.01660542999434118 -0.0030159956795144578 -0.011718896820753949 -99.0 -99.0 -99.0 -99.0 -99.0 -99.0 -99.0
0.3976569798047206 0.3293445393320501 0.29269202131432204 0.26380860196150535 0.1710872492524202 0.10579731632109064 0.04549609168258852 0.007292796515820855 -0.04783360331622761 -0.10517617782922056 -0.14231688038099607 -0.17150256207726672 -99.0 -99.0 -99.0 -99.0 -99.0 -99.0 -99.0 -99.0 -99.0 -99.0
-99.0 -99.0 0.4427606034787337 0.40443077848562653 0.35930193806286986 0.3248433042435689 0.32985752856247835 0.32298446031497224 0.26700933533740334 0.17866181311264426 0.0417526096696897 -0.03477626456010886 -99.0 -99.0 -99.0 -99.0 -99.0 -99.0 -99.0 -99.0 -99.0 -99.0
0.5502475921892002 0.4328188974605143 0.39075638864796103 0.3685530309086862 0.34759947651226714 0.31729715502963973 0.2831343995105636 0.25210493738558354 0.22419356421457398 0.19642470498423728 0.16449018569616858 0.14709370026965926 0.12743019167536368 0.10720211344674231 0.11314892813163728 -99.0 -99.0 -99.0 -99.0 -99.0 -99.0 -99.0
0.4762147447776056 0.07091211185598059 0.011601780186080097 0.05455100290983708 0.0752641985706664 0.08084136014662413 0.06931998165663493 0.03457435953637401 0.0014904649934308286 -0.012568512722806362 -0.02502900513949579 -0.04756247045783042 -0.06620668126093109 -0.09180488908575396 -0.10095916975469293 -0.143948949364915 -0.1817913434181623 -0.1970504403251472 -0.19581985931081866 -0.17153787132315232 -99.0 -99.0
0.5712087130380253 -99.0 0.43109331197780787 0.3020075557664287 -99.0 0.27810190479890995 0.2713803215740751 0.26458089861446143 -99.0 0.2705783957209083 0.26629955295400987 -99.0 0.25449559867804633 0.2572706495071562 -99.0 0.260985752680151 0.2761104622784176 0.28067942740088725 -99.0 0.28467745422802815 0.28510211298840743 -99.0
0.3725929192948822 0.2475218673594255 0.24787385378073387 0.2339231685220201 0.18590111363310488 0.14892783752092537 0.09156596233554364 0.029386415544215113 -0.02233714070433317 -99.0 -99.0 -99.0 -99.0 -99.0 -99.0 -99.0 -99.0 -99.0 -99.0 -99.0 -99.0 -99.0
0.4723835187191951 0.21868790513195138 0.19150792297482955 0.17481109314788326 0.1625581147571104 0.1293318575647882 0.06175866331101573 -0.010480969202274532 -0.057082575776146796 -0.09558616858145912 -0.12281839048255086 -99.0 -99.0 -99.0 -99.0 -99.0 -99.0 -99.0 -99.0 -99.0 -99.0 -99.0
0.5583286315781545 0.4058059803479855 0.21905175291440077 0.16588083285439864 0.16220458773047197 0.15041888994547434 0.15169771718119124 0.15400254262767912 0.13834532627662585 0.13239508031823696 0.11701117889621312 0.10205474215659133 0.09827577515649756 0.1046279066023311 0.10887544690682703 0.10715649273080702 0.08136168058004599 0.06721704416771186 0.06975764768201595 0.08142179676290205 -99.0 -99.0
0.5707190749728303 0.38918889783155897 0.29497234716469434 0.25867437398321985 0.21494214076764218 0.17658598944265935 0.15547687002715974 0.12385727026963284 0.09434617355446706 0.07150381138897485 0.05805030581306589 0.07036386350269698 -99.0 -99.0 -99.0 -99.0 -99.0 -99.0 -99.0 -99.0 -99.0 -99.0
0.5817890771141817 0.4801810364833671 0.3809502673475927 0.3033313804209632 0.2491732253850743 0.1957624922757826 0.16373584305762334 0.1479569829081492 0.1436799748119889 0.11499051821206506 -99.0 -99.0 -99.0 -99.0 -99.0 -99.0 -99.0 -99.0 -99.0 -99.0 -99.0 -99.0
0.5826409791322749 0.552602190918624 0.463570910907783 0.41599643821929677 0.35483714137094186 0.283136224373666 0.2378535592958215 0.22282682024080774 0.18543684991911386 0.17030727894351994 0.15874407421896847 0.14273201918763637 0.13926401521660167 0.13630383435199012 0.12313143036509437 0.10173722176456479 0.08848121920038615 0.05675924829614696 0.0701872262575276 0.06022298262699049 0.03215944340850854 -0.0023835937862732655
0.26958755270198426 0.027377950153440415 0.0670804785505189 0.07564786926032022 0.08705636816054284 0.10524309436093224 0.10353169505748037 0.05799172244700982 -0.003942183635207763 -0.0679420365585005 -0.11250220971010841 -0.17204011266837196 -0.2078937413785523 -0.25488843016920243 -0.2854498964199837 -0.3217079622227055 -0.3501073359338231 -0.3831148603218095 -99.0 -99.0 -99.0 -99.0
-99.0 0.3541332134757661 0.27615120442592506 0.25088172219981325 0.23798291862238444 0.22024539961739872 0.20589330927747346 0.20171749497644234 0.1505877456274169 0.08768494734658987 0.01847979815527815 -0.06374362765656742 -0.13320449228222556 -99.0 -99.0 -99.0 -99.0 -99.0 -99.0 -99.0 -99.0 -99.0
-99.0 -99.0 0.45253836590781643 0.34960204026990804 0.30797956591383313 0.27036517361453777 0.224054913705802 0.17530071300426597 0.13466813935715327 0.12028577051821451 0.0806120865387995 0.029263219286665025 -0.02551738478012547 -0.04833868641819936 -0.06188656207752344 -99.0 -99.0 -99.0 -99.0 -99.0 -99.0 -99.0
0.3847478005938289 0.3505608698992988 0.34292959877423684 0.3338617158298561 0.30672203578697116 0.28877558054103986 0.24688882445080876 0.17955214756443003 0.12304613621852162 0.09031070549059171 0.024155246743315803 -0.02514489852336765 -0.07088910747367486 -0.10930343836484853 -0.12780296284321446 -0.17448822818429804 -0.21787663178211553 -0.2467063820701966 -99.0 -99.0 -99.0 -99.0
0.4794183391865093 0.3584368598671918 0.3100799850773202 0.2522155065207677 0.2191325770575775 0.18750174115275878 0.13877255588562806 0.10919448295984009 0.08417281893712054 0.05060640450851943 0.024188129813625534 -0.011164310231959887 -0.03405806852852787 -0.0726146501682824 -0.07891551632737501 -0.11505993602511674 -0.1486118213791789 -0.17851443630900327 -0.19963927636050607 -0.20847912477839836 -0.217640693863932 -0.23950841224444042
-99.0 0.550474965816973 0.49514723924674264 0.45769732555769466 0.38326253416466294 0.30508103451802326 0.2686770551585319 0.2297460591242833 0.18864173094544992 0.15622005687576174 0.14171641821887065 0.1053501216717339 -99.0 -99.0 -99.0 -99.0 -99.0 -99.0 -99.0 -99.0 -99.0 -99.0
-99.0 0.40830355882762076 0.30831218390351606 0.24940530489932514 0.2686021907835071 0.3057137988180472 0.3094149705721231 0.3024186487039149 0.28643138837308635 0.25697590214763927 0.21509272397725157 0.15885798732475812 0.13058531755137975 0.10503466135767685 0.08006640124444563 0.05510083441586451 0.031064131211346817 0.008555041574101637 0.005095381975919202 0.006682991500499013 -99.0 -99.0
-99.0 0.33300645722374805 0.23601828889484786 0.21003218483151023 0.21798545704536515 0.20119849719818503 0.17597268266688365 0.13927659538915932 0.1083843681089676 0.06994111099841561 0.04418395953443762 0.026345771448288913 0.004948223126482574 -0.012323356763052564 -0.04350296988597786 -0.08214437251931014 -99.0 -99.0 -99.0 -99.0 -99.0 -99.0
0.6267794077524524 0.3531213252807238 0.28059522527916536 0.18803683042466862 0.16322807700714928 0.13708164334733955 0.1330515817230141 0.11339087515183154 0.10686051145926583 0.09936723562858457 0.0861302514482211 -99.0 -99.0 -99.0 -99.0 -99.0 -99.0 -99.0 -99.0 -99.0 -99.0 -99.0
0.6137023770418639 0.5998969814942866 0.5072453736755389 0.4061791175376207 0.3418389171357535 0.28238979080570603 0.24876811586174144 0.22959365250392336 0.21648035479941152 0.20013126684077526 0.19062996588712317 0.181499304841109 0.18420584598869494 0.17550475817051678 0.1691376087069828 0.16572419907755476 0.15832708312278995 0.15702708034399973 0.14383247402606647 0.13839802212784316 0.1345628408244632 0.12327383944657963
0.6067775054178953 0.25494000279811196 0.20192392770818335 0.14248947228703937 0.1252636230184535 0.12711106874147782 0.11722034062824188 0.08564396787108686 0.02256034232120333 -0.01763919913904368 -99.0 -99.0 -99.0 -99.0 -99.0 -99.0 -99.0 -99.0 -99.0 -99.0 -99.0 -99.0
0.5145218412116259 0.32334593273960455 0.21017320731975292 0.14709101076837028 0.11601723616006573 0.10272814792624693 0.08145917407242093 0.04994282202746919 0.010864726315989712 -0.019745048007534453 -0.04877832123936849 -0.07589935914910229 -0.10791463029745677 -0.14690792090539578 -0.16511734225175376 -0.1702909524366297 -0.21651105758158315 -0.22052039233251247 -99.0 -99.0 -99.0 -99.0
0.388572160270828 0.290122105740368 0.23932988653458812 0.2171390124080838 0.19303126876432175 0.1759447985450416 0.13407989546233207 0.11054786680578721 0.08635236477454958 0.05800298894476151 0.022768906012983762 -0.000567655239732079 -0.020009118233355404 -0.06562535849430572 -0.10115195941418818 -0.11487823382421955 -0.13354854158029159 -99.0 -99.0 -99.0 -99.0 -99.0
-99.0 -99.0 -0.1156899766772963 -0.10571785071664704 -0.09698534954104589 -0.0895970495438171 -0.06908550520409462 -0.06664124539919232 -0.0549101328399774 -0.047362206631634166 -0.040602290924084926 -0.05656420582436541 -0.07470512001406485 -0.07962417619807285 -0.08279958442577387 -0.07340900259182549 -0.05993466631135527 -0.08054244910797397 -0.07568498586235936 -0.10399611943943059 -0.12674020106217007 -0.13692674923873538
0.5209845227765426 0.37958084845856793 0.2914184019191768 0.23662386879628905 0.16314157819677644 0.1265574006732624 0.1102925436386465 0.0992360817020554 0.08538564329184492 0.04686227965901026 0.005212310754953371 -0.008434371735667637 -99.0 -99.0 -99.0 -99.0 -99.0 -99.0 -99.0 -99.0 -99.0 -99.0
-99.0 0.3533424908155433 0.29955050751490775 0.3080956701119118 0.28600469483536106 0.2502677496708028 0.21811867635683432 0.20764444408182867 0.17749801935865667 0.14621020261491127 0.13109650676855744 0.12997368313025331 -99.0 -99.0 -99.0 -99.0 -99.0 -99.0 -99.0 -99.0 -99.0 -99.0
0.32054767752093477 0.09451501549764331 0.0036526485315085512 0.0010236267316739275 0.0071489847003322095 0.022703789968444455 0.038281041488060746 0.049464156497341816 0.046926337879630894 0.06062139908564027 0.0557463353927532 0.04825894983281393 0.045935546014611486 0.04305453281639466 0.04588560259143491 0.03253356110817094 0.02230858686042171 0.0308177907034032 -0.00014663312997977007 0.014461495136704368 0.016989920988157287 0.004885050402538288
-99.0 0.21814745231422084 0.15287129346540387 0.1598594160104124 0.15890009669473293 0.17329144063928337 0.1554620924865398 0.10255967516726579 0.08640508631154822 0.03767736535745541 -0.023266314896885996 -0.08425990495171039 -0.1193384933341386 -0.14645600143463103 -0.15562129340192177 -0.20759148661476393 -0.22578206963001152 -0.24429325219569417 -0.22465458734783425 -99.0 -99.0 -99.0
0.38445306029195037 0.36345074639823344 0.284582816164232 0.19293745307680427 0.15226331719220032 0.1320418913530554 0.13350942676794939 0.13359335757899568 0.10293943666591393 0.06410777574256599 0.031249553944011337 0.009491141374404693 -0.01277901457363246 -0.041837067640229215 -0.040255056753631675 -0.04185914606263543 -0.0590937628904947 -0.09657297763887812 -99.0 -99.0 -99.0 -99.0
0.572616503930291 0.18418555333191097 0.09051599535637055 0.10037712132667828 0.07332846390427139 0.05385809129882138 0.048941349080261334 0.028127996557390393 -0.001035012703234376 -0.015932185852917464 -0.01281774803419293 -0.016701057552871573 -99.0 -99.0 -99.0 -99.0 -99.0 -99.0 -99.0 -99.0 -99.0 -99.0
0.3278851165182473 0.08291227953434932 0.13692413719582436 0.1497391260067829 0.1477451858480645 0.11488677641433367 0.04641479861509422 -0.01958186799126439 -0.061922094956328534 -0.09161545943672593 -0.15072705828962643 -0.19552510136488138 -0.2266710465763447 -0.28919135228405934 -99.0 -99.0 -99.0 -99.0 -99.0 -99.0 -99.0 -99.0
0.5835952292958154 0.47341303557463954 0.384799711619911 0.35455531698891674 0.32666933774370466 0.2848249335274557 0.24840117641204407 0.23284381341319718 0.21256110131753322 0.18546924377082416 0.1726577011467344 0.14918193645348302 0.14488929692548994 0.13295362511216086 0.12139002568307694 0.09879489209600861 0.09760813993298782 0.07301953980861603 0.04290805025687657 0.015087008939562593 0.02905398298859676 0.007054216736165494
0.5416132543859605 0.3641355326847363 0.23343251241718102 0.21550947953891528 0.190619217782281 0.15310281163405484 0.11505760017181149 0.12048627293541454 0.10844909065028001 0.08960518923779592 0.07376213324473672 0.08136305447091059 -99.0 -99.0 -99.0 -99.0 -99.0 -99.0 -99.0 -99.0 -99.0 -99.0
-99.0 -99.0 -99.0 0.021822512819014674 0.027913936589932072 0.036566063641122 0.04161129048719565 0.04654453620720816 0.04113894818861159 0.06344881735646563 0.059400152349658786 0.01764926421348213 0.0011794631330172684 -0.021751372992530386 -0.04592057824323837 -0.08549156661555639 -0.10109333166383527 -0.13552056269274643 -0.141912314026101 -0.1685062882163075 -0.18582197497963182 -0.2056790939931255
0.4102765556503984 0.290917561299402 0.21446123594570152 0.21081350389769793 0.22067990291988046 0.1745183596853061 0.10842866182683071 0.08525916946800724 0.06852953138183891 0.0365177102566898 0.002758481343860217 -0.0081518161038456 -0.026938945672012958 -0.08642092028725332 -0.13073390570788274 -0.19994600131854123 -0.2462527096929611 -0.2861112975246407 -0.19307828911276204 -0.3150851264030267 -99.0 -99.0
0.4193597801824011 0.3749061237057222 0.33899413191832034 0.2906626666562503 0.2538096696134225 0.222357459649554 0.1882380804278853 0.168823912408276 0.14841778199410152 0.12763079152519663 0.09424886524356038 0.06711928534409624 0.028909031710595952 -0.015936510227635904 -0.03918287377306063 -0.07612592875647765 -0.13178586407050472 -0.1381846936864933 -0.14862463111513421 -0.16000345713649203 -0.1669964434978296 -0.17263293025376242
0.5605509805495325 0.3917571205332725 0.31572920239546287 0.28012824337995684 0.2583404739187715 0.23234652038801995 0.20059517978686173 0.17264979670971306 0.14390148706715677 0.11997616402443134 0.1131569463290639 0.10531083292754254 -99.0 -99.0 -99.0 -99.0 -99.0 -99.0 -99.0 -99.0 -99.0 -99.0
0.0983391146905515 0.08613764304519655 0.12406397802889482 0.14252369960059447 0.15285579193172422 0.17989649893577525 0.16857081969299378 0.08418856227253645 0.0037904468899983917 -0.05409264885077815 -0.0971339568128556 -0.15231579532511103 -0.19647111096140227 -0.2196974091327299 -0.28340725984202764 -0.3180523526279501 -0.36071534182336595 -99.0 -99.0 -99.0 -99.0 -99.0
0.5204200513641097 -99.0 0.5071154313888034 0.49552302054428843 -99.0 0.45138930236287095 0.4141627160226992 0.4016887979044532 -99.0 0.35441133454961793 0.30216567075093 -99.0 0.3326161880294007 0.3061599190281116 -99.0 0.20303063862432086 0.17051188278713733 0.1742845334642277 -99.0 0.1734206323150294 0.17327538620741376 -99.0
0.5526076907454807 0.39108811898027335 0.21592966608666764 0.19389093417036088 0.1552037819059037 0.09791719327629299 0.06686678200238909 0.036875536084510135 -0.012117362727053665 -0.036327344413042265 -0.055501182183112535 -0.08544206566917298 -0.12336285754756866 -0.1431792795963825 -0.14702664198789203 -0.17643685113340757 -0.18551484848811825 -0.20347998847919485 -0.23060760553073614 -0.22454943538063887 -0.23841353154262868 -0.2565440202033312
0.4222990463696314 0.31548664507113033 0.2581174356440523 0.2073082821620923 0.16675508520594273 0.13212081085066177 0.10615042088736851 0.08362603095425623 0.0684482969925765 0.033637162013410334 0.0013721910209702015 -0.06547678096479305 -0.12413073552876545 -0.14460407620061186 -0.18565882974131098 -99.0 -99.0 -99.0 -99.0 -99.0 -99.0 -99.0
